SYMBOL	SERIES	LTP	%CHNG	MKT CAP
(₹ Crores)	VOLUME
(Lakhs)	VALUE
(₹ Crores)
TEJASNET	EQ	873.10	8.73	15,394.71	279.01	2,439.98
MAZDOCK	EQ	2,738.00	5.15	1,10,445.44	46.65	1,255.55
SUNPHARMA	EQ	1,772.00	3.41	4,25,162.16	57.16	1,020.09
IDFCFIRSTB	EQ	60.37	5.56	44,201.19	1,722.19	1,019.88
HAL	EQ	4,315.00	1.90	2,88,576.41	23.69	1,012.07
AUROPHARMA	EQ	1,175.35	1.51	68,264.52	75.02	907.85
DRREDDY	EQ	1,151.80	0.16	96,112.57	63.25	747.14
LUPIN	EQ	2,094.00	4.19	95,604.72	33.30	701.35
POWERGRID	EQ	299.95	4.60	2,78,971.61	234.79	694.93
VTL	EQ	482.40	20.00	13,949.79	146.18	675.38
SBIN	EQ	779.90	0.51	6,96,031.12	79.57	619.38
BEL	EQ	287.50	1.81	2,10,156.14	209.69	599.71
PAYTM	EQ	835.85	2.19	53,306.52	70.74	582.92
AXISBANK	EQ	1,089.90	0.50	3,37,555.14	53.46	581.80
BDL	EQ	1,348.00	4.21	49,412.63	41.45	556.77
CIPLA	EQ	1,500.00	3.28	1,21,142.57	34.89	523.68
INDUSINDBK	EQ	708.60	0.88	55,203.80	69.73	493.31
DIXON	EQ	13,470.00	0.14	81,138.82	3.43	458.50
ADANIPOWER	EQ	528.50	2.91	2,03,839.22	83.31	440.29
CDSL	EQ	1,239.95	1.51	25,914.96	34.26	421.45
GRSE	EQ	1,733.90	0.88	19,862.17	24.33	421.08
ULTRACEMCO	EQ	11,595.10	3.06	3,41,681.40	3.62	416.47
GLAND	EQ	1,554.00	1.23	25,603.15	25.10	406.57
ZYDUSLIFE	EQ	900.00	0.99	90,561.06	41.59	382.37
ANGELONE	EQ	2,469.00	4.87	22,289.82	15.28	369.63
NTPC	EQ	359.25	2.13	3,48,352.73	103.17	369.43
CANBK	EQ	94.25	3.46	85,490.89	385.15	359.34
TITAN	EQ	3,125.00	0.86	2,77,433.18	11.16	349.13
RECLTD	EQ	426.30	0.41	1,12,254.34	74.94	319.59
BANKINDIA	EQ	114.75	2.87	52,241.86	276.06	316.95
ADANIGREEN	EQ	955.30	1.30	1,51,322.62	33.05	314.23
DIVISLAB	EQ	5,764.00	1.73	1,53,016.09	5.38	313.29
UNIONBANK	EQ	131.50	3.29	1,00,381.91	240.55	313.12
BHEL	EQ	219.81	3.40	76,539.23	141.39	304.73
PATANJALI	EQ	1,878.00	2.93	68,016.94	16.10	299.98
HINDUNILVR	EQ	2,241.65	0.17	5,26,696.13	13.10	293.52
RAYMOND	EQ	1,500.10	6.14	9,986.73	19.26	288.84
JIOFIN	EQ	230.64	0.37	1,46,528.86	117.53	270.16
TRIDENT	EQ	27.13	7.45	13,825.33	990.27	268.27
AUBANK	EQ	562.00	4.17	41,842.62	46.74	260.92
TATAPOWER	EQ	386.40	2.15	1,23,467.92	65.81	252.31
PPLPHARMA	EQ	230.00	0.88	30,492.21	107.64	251.54
JSWENERGY	EQ	527.00	0.14	92,107.40	47.38	250.53
PNB	EQ	98.95	1.65	1,13,722.67	253.11	248.80
RPOWER	EQ	43.19	2.08	17,349.30	573.84	248.13
BANKBARODA	EQ	237.50	2.58	1,22,819.85	105.58	247.80
ADANIENT	EQ	2,414.00	1.88	2,78,619.23	10.23	245.97
SUZLON	EQ	57.53	0.17	78,519.51	429.15	245.94
SHRIRAMFIN	EQ	654.10	2.30	1,22,995.91	37.05	241.74
LAURUSLABS	EQ	619.40	1.70	33,401.30	37.44	233.61
SYNGENE	EQ	748.75	3.40	30,139.96	30.75	230.07
KPRMILL	EQ	987.95	2.87	33,769.51	22.49	227.16
PFC	EQ	421.45	1.35	1,39,082.79	53.79	225.65
STYLEBAAZA	EQ	326.57	4.63	2,436.78	66.87	224.21
NATCOPHARM	EQ	839.30	4.06	15,032.69	26.17	219.08
RVNL	EQ	360.15	0.45	75,092.00	60.36	216.66
IRFC	EQ	129.29	1.42	1,68,962.71	163.49	209.75
IREDA	EQ	162.07	0.40	43,560.60	128.48	207.77
HINDPETRO	EQ	363.00	0.23	77,239.96	55.66	202.38
GMRAIRPORT	EQ	82.72	4.92	87,343.85	243.31	199.64
JUBLPHARMA	EQ	970.00	6.63	15,450.27	19.99	193.84
COCHINSHIP	EQ	1,465.00	3.79	38,541.33	13.35	192.28
ADANIENSOL	EQ	884.90	1.96	1,06,301.50	21.66	191.85
HBLENGINE	EQ	530.00	2.69	14,691.33	36.16	190.41
RAMCOCEM	EQ	943.50	2.93	22,294.19	19.82	186.43
PGEL	EQ	940.00	2.55	26,610.80	19.90	185.51
PNBHOUSING	EQ	938.00	2.28	24,380.97	19.46	180.76
LIQUIDCASE	EQ	107.88	0.03	3,965.81	164.76	177.73
DMART	EQ	4,155.00	0.81	2,70,379.59	4.26	176.84
NEULANDLAB	EQ	12,013.00	3.84	15,412.55	1.46	175.81
MUTHOOTFIN	EQ	2,370.15	1.17	95,152.96	7.38	174.30
ZEEL	EQ	110.10	7.81	10,575.32	163.26	171.92
ITCHOTELS	EQ	206.76	0.16	43,030.29	83.19	171.78
BRITANNIA	EQ	5,066.05	0.57	1,22,025.08	3.40	171.42
TATACONSUM	EQ	1,068.65	0.56	1,05,742.29	15.95	170.43
VOLTAS	EQ	1,353.00	0.61	44,768.71	12.53	168.53
YESBANK	EQ	17.96	3.22	56,311.99	943.51	166.91
NMDC	EQ	70.51	0.43	61,991.11	232.59	163.49
RELINFRA	EQ	262.00	1.87	10,378.64	62.32	163.17
MAXHEALTH	EQ	1,117.90	2.11	1,08,675.76	14.42	160.19
ICICIPRULI	EQ	565.00	0.29	81,660.68	28.03	157.57
ADANIPORTS	EQ	1,201.30	0.49	2,59,497.49	13.01	155.46
WELSPUNLIV	EQ	133.90	2.05	12,843.05	115.45	153.56
HUDCO	EQ	210.18	2.11	42,075.93	73.41	153.24
BAJAJHFL	EQ	124.50	2.40	1,03,685.43	121.84	150.78
FEDERALBNK	EQ	194.80	1.40	47,858.59	76.97	148.26
MARICO	EQ	660.00	0.54	85,502.84	22.10	145.35
LIQUID1	EQ	1,043.33	0.01	1,294.82	13.90	145.06
ASIANPAINT	EQ	2,347.70	1.78	2,25,190.87	6.09	142.44
CAMS	EQ	3,824.00	1.79	18,901.97	3.77	142.40
PARADEEP	EQ	118.13	5.25	9,630.08	121.31	141.51
CENTRALBK	EQ	36.96	0.27	33,453.98	384.25	141.44
DBREALTY	EQ	175.10	2.30	9,428.53	80.30	140.25
INDHOTEL	EQ	831.45	0.16	1,18,351.27	16.79	139.32
BANDHANBNK	EQ	156.65	3.38	25,235.87	89.93	139.25
GODREJPROP	EQ	2,151.00	0.20	64,784.87	6.41	138.18
ASHOKLEY	EQ	209.99	0.58	61,664.14	65.56	136.18
AARTIPHARM	EQ	805.35	6.98	7,299.26	16.63	130.87
INDIANB	EQ	550.50	3.93	74,150.37	23.66	129.47
TITAGARH	EQ	828.00	2.23	11,150.99	15.70	128.39
COROMANDEL	EQ	2,124.70	3.65	62,601.38	6.26	127.97
NHPC	EQ	84.67	1.17	85,051.31	152.26	127.95
BIOCON	EQ	345.90	1.13	41,528.75	35.68	124.99
DATAPATTNS	EQ	1,741.05	1.10	9,747.09	7.15	124.98
GOKEX	EQ	897.00	7.08	6,410.54	13.57	120.81
EICHERMOT	EQ	5,372.50	0.32	1,47,294.65	2.24	120.59
ABB	EQ	5,330.00	0.32	1,12,947.16	2.25	119.25
SWIGGY	EQ	345.45	0.25	78,986.48	33.95	117.06
IIFL	EQ	349.75	4.17	14,847.47	33.20	115.12
POONAWALLA	EQ	364.00	4.52	28,319.72	31.82	114.15
ABCAPITAL	EQ	193.04	1.51	50,325.74	57.91	111.00
VMM	EQ	109.50	1.66	50,341.84	101.52	110.28
MANKIND	EQ	2,424.00	0.09	1,00,009.03	4.47	109.33
GODREJCP	EQ	1,165.00	0.20	1,19,180.43	9.27	107.89
GLENMARK	EQ	1,540.75	1.67	43,478.14	6.95	107.73
LIQUIDPLUS	EQ	1,025.59	0.02	256.22	10.43	106.95
SUPRIYA	EQ	792.90	0.83	6,381.48	12.85	103.93
NACLIND	EQ	131.58	6.85	2,624.22	78.47	103.32
MARKSANS	EQ	232.80	3.37	10,549.65	42.30	100.16
NCC	EQ	214.64	0.30	13,476.10	46.49	99.49
JUBLFOOD	EQ	693.00	1.52	45,727.27	14.10	96.95
ALKEM	EQ	4,930.00	0.87	58,945.55	1.93	95.73
LICHSGFIN	EQ	574.15	1.50	31,581.87	16.63	95.41
GUJALKALI	EQ	650.00	0.35	4,773.94	13.93	93.25
SAMMAANCAP	EQ	116.29	3.98	9,632.72	79.54	91.30
SWSOLAR	EQ	274.10	3.61	6,400.08	33.65	90.68
MOTILALOFS	EQ	622.00	1.52	37,230.00	14.58	90.13
SUVENPHAR	EQ	1,119.10	2.23	28,488.36	7.84	88.64
TORNTPOWER	EQ	1,556.85	3.12	78,450.22	5.71	87.86
HFCL	EQ	83.34	1.94	12,023.24	105.92	87.36
MFSL	EQ	1,149.55	0.46	39,672.67	7.57	86.43
UCOBANK	EQ	30.37	1.10	38,082.64	285.04	86.42
PROTEAN	EQ	1,445.90	3.74	5,862.67	5.97	85.57
BEML	EQ	3,149.00	0.77	13,113.85	2.70	84.77
KRN	EQ	861.55	1.33	5,355.10	9.80	84.60
SUPREMEIND	EQ	3,423.00	2.02	43,481.30	2.47	84.26
SWANENERGY	EQ	441.90	1.05	13,851.66	18.85	83.49
BLS	EQ	404.95	1.12	16,673.45	20.58	82.86
COLPAL	EQ	2,407.00	1.79	65,466.94	3.46	82.21
IPCALAB	EQ	1,480.95	4.59	37,572.33	5.48	81.15
SCI	EQ	171.77	1.05	8,001.03	47.18	81.02
DALBHARAT	EQ	1,858.75	2.29	34,863.67	4.34	80.66
SHREECEM	EQ	31,050.00	2.57	1,12,030.72	0.26	80.56
JWL	EQ	379.55	2.30	16,111.82	21.48	80.26
GRASIM	EQ	2,652.00	1.36	1,80,463.07	2.98	78.86
NBCC	EQ	84.35	1.76	22,774.50	92.83	77.66
GPIL	EQ	205.00	1.61	13,713.99	37.43	76.90
STAR	EQ	701.10	4.71	6,461.53	10.95	76.90
IEX	EQ	182.32	2.43	16,257.34	42.38	76.55
SJVN	EQ	95.95	2.82	37,706.38	80.45	76.32
CREDITACC	EQ	1,010.85	3.26	16,145.26	7.63	76.01
ASTRAL	EQ	1,359.00	1.37	36,507.46	5.59	75.36
IDBI	EQ	80.85	3.12	86,933.17	93.84	75.00
PARAGMILK	EQ	182.00	7.83	2,172.64	41.27	74.59
TORNTPHARM	EQ	3,244.45	1.16	1,09,806.93	2.29	74.58
HESTERBIO	EQ	1,800.00	0.74	1,531.24	4.17	74.56
BALUFORGE	EQ	667.00	3.00	7,299.77	11.12	73.61
MOREPENLAB	EQ	53.10	7.23	2,909.63	140.67	73.30
TARIL	EQ	514.00	0.42	15,428.52	14.05	72.32
GRANULES	EQ	491.00	1.62	11,906.44	14.61	72.15
FSL	EQ	344.95	2.69	24,042.70	20.85	71.18
NESTLEIND	EQ	2,240.00	1.33	2,15,971.20	3.18	70.82
AVALON	EQ	805.00	0.23	5,325.65	8.67	70.65
LICI	EQ	816.90	0.73	5,16,689.06	8.66	70.38
CARTRADE	EQ	1,681.00	1.99	7,974.30	4.15	69.79
AADHARHFC	EQ	456.90	2.92	19,709.96	15.17	68.99
HAVELLS	EQ	1,515.20	0.31	94,994.21	4.53	68.65
HSCL	EQ	457.00	0.46	22,561.23	14.93	68.61
KIRLOSENG	EQ	751.50	3.06	10,910.22	9.04	67.89
INTERARCH	EQ	1,669.00	7.43	2,777.29	4.14	67.11
KFINTECH	EQ	1,068.80	2.51	18,391.43	6.22	66.38
IRCTC	EQ	739.50	1.66	59,160.00	9.03	66.29
JPPOWER	EQ	15.33	4.64	10,506.35	439.79	66.06
RAILTEL	EQ	312.00	1.60	10,013.28	21.16	65.56
ATGL	EQ	606.00	1.21	66,648.49	10.80	64.91
LEMONTREE	EQ	143.68	2.11	11,383.00	44.81	64.04
DELHIVERY	EQ	263.50	1.74	19,646.07	24.29	63.99
RBLBANK	EQ	175.30	2.32	10,656.07	36.69	63.74
MAHABANK	EQ	47.75	3.33	36,727.17	134.08	63.11
KPIGREEN	EQ	431.50	2.55	8,495.83	14.51	63.11
ITDCEM	EQ	558.15	0.07	9,588.32	11.20	62.68
TRANSRAILL	EQ	495.00	1.44	6,645.67	12.62	62.14
IRB	EQ	47.55	1.49	28,715.45	130.94	61.82
VADILALIND	EQ	5,724.00	0.35	4,114.31	1.08	61.63
ALEMBICLTD	EQ	107.75	7.61	2,766.82	56.15	61.46
INDIAGLYCO	EQ	1,255.00	6.46	3,885.67	4.89	61.13
HCC	EQ	27.40	3.36	4,985.11	226.24	61.06
IGL	EQ	207.21	2.10	29,009.43	29.63	60.98
IGIL	EQ	402.45	2.90	17,392.27	15.22	60.22
CSBBANK	EQ	341.55	6.39	5,925.41	17.35	58.97
PRESTIGE	EQ	1,187.55	0.84	51,151.37	4.98	58.59
PAGEIND	EQ	43,330.00	0.79	48,329.74	0.13	58.15
LIQUIDADD	EQ	1,065.56	0.01	2,765.33	5.42	57.74
AMIORG	EQ	2,519.90	1.91	10,315.07	2.29	57.45
STARHEALTH	EQ	352.30	2.68	20,707.72	16.39	56.93
IOB	EQ	37.90	1.26	72,982.48	151.02	56.72
SENORES	EQ	575.40	2.55	2,649.92	9.59	56.06
RAJESHEXPO	EQ	200.50	3.18	5,919.96	27.25	54.65
JBCHEPHARM	EQ	1,580.85	0.90	24,610.23	3.45	54.48
SOLARINDS	EQ	11,299.95	0.94	1,02,253.31	0.46	52.13
CONCOR	EQ	713.50	0.57	43,473.15	7.29	51.89
CHENNPETRO	EQ	609.00	0.09	9,068.70	8.49	51.64
ZAGGLE	EQ	358.25	0.93	4,807.90	14.17	51.44
ENGINERSIN	EQ	166.75	2.66	9,372.06	31.07	51.30
PIDILITIND	EQ	2,861.10	0.36	1,45,529.50	1.79	51.02
RBA	EQ	73.00	8.94	4,249.10	71.27	50.86
NTPCGREEN	EQ	100.22	1.72	84,448.68	49.43	49.32
GLAXO	EQ	2,860.00	3.00	48,450.13	1.66	47.41
AMBUJACEM	EQ	541.15	1.33	1,33,291.93	8.57	46.36
ZENTEC	EQ	1,450.85	0.44	13,099.78	3.19	46.23
EXIDEIND	EQ	372.80	0.32	31,688.00	12.40	46.09
PREMIERENE	EQ	896.95	0.80	40,432.21	5.14	45.89
GENUSPOWER	EQ	290.00	4.34	8,813.91	15.63	45.66
JASH	EQ	639.40	8.34	4,012.56	7.30	45.57
NSIL	EQ	7,225.05	5.96	3,710.90	0.64	45.47
MGL	EQ	1,400.00	0.87	13,828.89	3.19	44.36
ICIL	EQ	285.05	5.59	5,645.54	15.50	44.11
NLCINDIA	EQ	249.05	1.72	34,534.18	17.63	43.89
TIRUMALCHM	EQ	267.20	10.66	2,735.81	16.38	43.27
PANACEABIO	EQ	466.55	5.00	2,857.65	9.40	43.22
APLAPOLLO	EQ	1,568.25	0.39	43,522.79	2.72	42.48
SIGNATURE	EQ	1,110.00	0.43	15,596.69	3.76	42.46
VIJAYA	EQ	971.00	0.58	9,965.98	4.36	42.22
PEL	EQ	1,008.00	0.19	22,728.15	4.23	42.22
CESC	EQ	157.80	2.53	20,917.50	26.91	41.91
J&KBANK	EQ	98.05	3.78	10,797.09	42.72	41.63
WEBELSOLAR	EQ	1,250.65	5.00	5,278.54	3.38	41.56
GMDCLTD	EQ	287.75	3.08	9,150.45	14.60	41.55
ORIENTCEM	EQ	351.50	1.60	7,209.61	11.72	41.07
AAVAS	EQ	2,096.85	0.57	16,596.56	1.93	40.46
ASHOKA	EQ	200.48	3.47	5,627.94	20.40	40.32
YATHARTH	EQ	467.55	7.66	4,505.05	8.72	39.64
AWL	EQ	270.10	0.97	35,104.32	14.61	39.31
JKCEMENT	EQ	4,998.95	0.13	38,626.01	0.79	39.23
TATACOMM	EQ	1,629.00	2.12	46,426.50	2.41	38.98
CUB	EQ	164.50	1.85	12,189.22	23.38	38.11
CAPLIPOINT	EQ	2,051.15	3.73	15,591.14	1.85	38.03
NUVAMA	EQ	6,011.00	4.37	21,624.19	0.64	38.02
ICICIGI	EQ	1,835.00	0.28	90,965.81	2.06	37.59
JSL	EQ	593.70	0.64	48,907.20	6.33	37.53
GRMOVER	EQ	309.85	9.60	1,859.10	12.54	37.12
WELCORP	EQ	859.95	1.25	22,560.74	4.35	36.94
SHILPAMED	EQ	675.00	4.15	6,600.89	5.43	36.86
ABFRL	EQ	263.90	1.01	32,201.95	13.93	36.72
PTC	EQ	172.38	2.44	5,102.59	21.32	36.67
EMBDL	EQ	116.35	0.90	20,845.12	30.39	35.28
SGLTL	EQ	156.30	2.18	3,118.05	22.22	35.01
PCJEWELLER	EQ	14.10	1.88	8,960.95	245.17	34.84
KSCL	EQ	1,334.00	3.59	6,861.97	2.65	34.77
GICRE	EQ	428.00	1.89	75,088.32	8.14	34.73
EIEL	EQ	223.70	0.06	3,926.61	15.46	34.59
JKLAKSHMI	EQ	805.90	1.56	9,483.03	4.31	34.51
KTKBANK	EQ	188.20	4.39	7,112.77	18.32	34.36
SOBHA	EQ	1,239.00	1.01	13,247.05	2.76	34.07
SKFINDIA	EQ	3,842.50	0.59	18,996.54	0.89	33.92
WABAG	EQ	1,450.00	0.98	9,017.61	2.33	33.59
ABBOTINDIA	EQ	29,856.00	1.07	63,441.92	0.11	33.01
SAILIFE	EQ	760.00	1.98	15,838.58	4.32	32.93
ARVIND	EQ	348.00	6.60	9,111.27	9.66	32.93
JISLJALEQS	EQ	58.88	3.46	3,955.70	56.33	32.76
ACC	EQ	1,997.05	1.69	37,502.06	1.63	32.41
AFFLE	EQ	1,604.00	1.06	22,535.61	2.03	32.30
360ONE	EQ	911.80	2.39	35,840.48	3.55	32.22
UJJIVANSFB	EQ	36.20	5.05	7,004.71	90.09	32.04
HIMATSEIDE	EQ	159.75	4.54	2,008.73	20.18	31.85
SBFC	EQ	93.00	0.26	10,099.79	33.49	31.44
BANKBEES	EQ	528.28	0.35	7,374.75	5.94	31.34
EPACK	EQ	382.85	0.34	3,674.12	8.08	31.12
BALAXI	EQ	67.98	1.46	375.30	45.15	30.81
FACT	EQ	659.95	1.27	42,703.51	4.64	30.62
PHARMABEES	EQ	21.95	2.81	865.56	137.94	30.58
GREAVESCOT	EQ	214.20	0.01	4,979.76	14.19	30.33
PSUBNKBEES	EQ	71.51	2.20	2,590.99	42.05	29.85
ARKADE	EQ	165.00	1.25	3,063.45	18.00	29.72
JMFINANCIL	EQ	99.73	3.74	9,532.62	29.85	29.42
IFCI	EQ	45.39	2.16	12,229.49	65.46	29.29
MANGCHEFER	EQ	183.25	9.72	2,171.79	16.23	29.24
V2RETAIL	BE	1,873.00	3.49	6,478.58	1.53	28.80
SOUTHBANK	EQ	24.21	2.37	6,334.07	118.15	28.40
EDELWEISS	EQ	93.15	2.49	8,810.42	30.09	27.75
LTF	EQ	154.20	1.53	38,470.87	18.07	27.67
POWERMECH	EQ	2,686.00	0.20	8,492.14	1.02	27.58
BFUTILITIE	EQ	784.95	6.21	2,956.72	3.53	27.46
AJANTPHARM	EQ	2,620.00	0.09	32,726.97	1.03	27.37
ORIANA	SM	1,477.40	4.74	3,001.95	1.85	27.20
JUSTDIAL	EQ	836.00	2.55	7,109.52	3.28	27.17
GSFC	EQ	186.20	2.18	7,419.65	14.76	27.15
ASTERDM	EQ	489.05	1.96	24,428.69	5.48	26.52
MOIL	EQ	334.10	0.72	6,798.44	7.86	26.28
CAPACITE	EQ	371.00	2.73	3,138.81	7.08	25.96
VIMTALABS	EQ	1,091.00	8.09	2,425.79	2.42	25.94
FINCABLES	EQ	909.00	0.34	13,902.19	2.85	25.88
LALPATHLAB	EQ	2,507.00	0.39	20,956.45	1.01	25.48
EIDPARRY	EQ	794.35	1.62	14,121.82	3.20	25.46
ACE	EQ	1,299.95	1.84	15,480.22	1.96	25.26
HARIOMPIPE	EQ	385.00	7.15	1,192.24	6.56	24.96
LLOYDSENGG	EQ	60.71	1.35	7,073.54	40.88	24.85
BOMDYEING	EQ	140.55	3.02	2,902.85	17.80	24.85
WHIRLPOOL	EQ	1,077.30	1.25	13,667.90	2.31	24.80
SHAKTIPUMP	BE	997.00	2.89	11,985.00	2.52	24.71
EASEMYTRIP	EQ	12.33	1.07	4,369.85	202.12	24.70
EMBASSY	RR	374.96	0.83	35,542.22	6.56	24.49
SUNDARMFIN	EQ	4,486.10	0.10	49,842.30	0.53	23.96
AEROFLEX	EQ	180.70	3.35	2,336.82	13.33	23.95
TEXRAIL	EQ	143.20	2.87	5,720.37	16.79	23.66
PARAS	EQ	1,010.30	2.18	4,070.87	2.34	23.49
RCF	EQ	130.11	2.06	7,178.01	18.02	23.28
CANFINHOME	EQ	678.55	1.14	9,035.17	3.42	23.24
KARURVYSYA	EQ	215.00	0.96	17,305.24	10.85	23.22
JUNIORBEES	EQ	679.00	0.51	5,761.12	3.41	23.01
APLLTD	EQ	887.95	0.33	17,453.82	2.57	22.97
SYRMA	EQ	469.30	0.59	8,360.96	4.89	22.97
INTELLECT	EQ	688.50	0.80	9,559.94	3.30	22.84
CHOICEIN	EQ	517.00	0.93	10,322.19	4.43	22.81
GMRP&UI	EQ	119.50	2.58	8,542.29	19.01	22.67
PRAKASH	EQ	175.30	5.50	3,139.30	13.20	22.59
DEVYANI	EQ	152.35	0.12	18,377.47	14.85	22.49
BALRAMCHIN	EQ	564.85	1.70	11,395.81	3.97	22.34
KNRCON	EQ	234.49	2.02	6,594.67	9.57	22.20
PVTBANIETF	EQ	25.79	0.35	2,951.07	85.95	22.14
SPARC	EQ	150.15	3.13	4,872.36	14.71	22.13
JINDALSAW	EQ	276.00	1.71	17,650.43	8.08	22.10
BIRLACORPN	EQ	1,144.10	4.58	8,810.18	1.94	22.04
GEPIL	EQ	257.00	2.66	1,727.75	8.38	21.91
JSWHL	EQ	25,772.30	5.00	28,606.29	0.09	21.86
NSLNISP	EQ	36.08	3.00	10,573.63	60.34	21.58
GRAVITA	EQ	1,780.15	0.56	13,139.01	1.21	21.46
TANLA	EQ	481.90	0.79	6,487.21	4.44	21.36
NFL	EQ	83.29	1.03	4,086.03	25.61	21.30
MAHLIFE	EQ	314.40	3.01	4,875.96	6.78	21.15
SURYAROSNI	EQ	262.10	1.76	5,704.24	7.96	20.92
TDPOWERSYS	EQ	403.00	1.46	6,294.20	5.18	20.83
MANINDS	EQ	293.95	0.17	1,902.89	7.10	20.79
UNIMECH	EQ	965.00	2.14	4,907.69	2.13	20.69
GESHIP	EQ	935.80	0.80	13,360.15	2.21	20.54
CRISIL	EQ	4,309.00	1.59	31,511.72	0.48	20.33
ESCORTS	EQ	3,270.00	1.29	36,584.03	0.62	20.14
HOMEFIRST	EQ	1,027.00	3.58	9,248.70	1.98	20.02
SIYSIL	EQ	740.55	5.00	3,359.88	2.74	19.93
TTML	EQ	59.98	1.75	11,725.66	33.39	19.91
PNGJL	EQ	546.50	2.80	7,416.46	3.67	19.80
HERITGFOOD	EQ	412.80	1.71	3,830.62	4.82	19.80
RITES	EQ	231.90	0.15	11,145.20	8.47	19.57
CAMPUS	EQ	242.05	2.87	7,392.17	7.94	19.19
JUBLINGREA	EQ	671.50	2.68	10,695.73	2.84	19.06
MANYAVAR	EQ	793.00	2.16	19,263.97	2.38	18.77
SARTELE	SM	293.65	3.02	1,383.31	6.35	18.76
HONASA	EQ	236.70	0.28	7,697.10	7.68	18.31
TI	EQ	247.94	1.72	4,800.96	7.36	18.15
NITINSPIN	EQ	361.00	8.65	2,029.54	5.03	17.97
GPPL	EQ	142.91	1.05	6,908.84	12.53	17.74
BHARTIHEXA	EQ	1,454.00	0.49	72,700.00	1.21	17.73
FIVESTAR	EQ	703.00	0.82	20,698.23	2.50	17.54
SANATHAN	EQ	385.15	3.38	3,250.82	4.54	17.45
JBMA	EQ	619.00	1.16	14,639.00	2.83	17.38
ALOKINDS	EQ	15.92	2.91	7,904.66	109.81	17.29
BERGEPAINT	EQ	512.00	1.37	59,693.81	3.39	17.27
AXISCADES	BE	926.30	5.00	3,936.56	1.87	17.25
MID150BEES	EQ	197.96	0.19	1,964.86	8.76	17.24
SDBL	EQ	129.93	0.17	2,533.48	13.15	17.16
INDIAMART	EQ	2,146.60	1.89	12,886.50	0.81	17.10
SUVEN	EQ	131.47	4.50	2,867.02	12.76	17.00
DONEAR	EQ	119.80	12.72	622.96	14.29	16.93
DAMCAPITAL	EQ	239.99	0.68	1,696.39	7.05	16.91
DCXINDIA	EQ	244.48	2.19	2,723.18	6.81	16.62
PNCINFRA	EQ	274.00	3.38	7,029.17	6.04	16.47
GSPL	EQ	298.00	1.48	16,813.50	5.46	16.20
JSFB	EQ	431.00	6.42	4,527.53	3.82	16.17
CPSEETF	EQ	87.44	1.63	37,761.85	18.62	16.17
BIKAJI	EQ	681.90	1.97	17,087.92	2.34	15.85
HIKAL	EQ	425.80	1.71	5,250.15	3.65	15.58
IIFLCAPS	EQ	227.55	6.25	7,053.04	6.90	15.47
SAMHI	EQ	151.20	2.52	3,344.64	10.21	15.26
EMSLIMITED	EQ	659.00	3.63	3,659.48	2.36	15.24
MTNL	EQ	45.50	1.72	2,866.50	33.79	15.17
E2E	EQ	2,030.00	1.24	4,053.48	0.75	15.09
POLYMED	EQ	2,250.05	2.70	22,798.79	0.67	15.03
BBL	EQ	2,949.00	1.55	3,333.29	0.51	14.93
VENUSPIPES	EQ	1,274.00	0.82	2,602.92	1.17	14.86
LLOYDSENT	EQ	50.70	5.01	6,449.68	29.13	14.65
BAYERCROP	EQ	4,940.00	2.53	24,752.98	0.30	14.56
GIPCL	EQ	188.10	2.38	2,845.03	7.73	14.48
KIRLOSBROS	EQ	1,729.95	1.58	13,737.35	0.83	14.32
ACI	EQ	549.50	2.08	6,782.35	2.62	14.32
NORTHARC	EQ	190.80	8.14	3,079.12	7.76	14.27
ARVINDFASN	EQ	401.95	3.17	5,357.02	3.56	14.03
PATELENG	EQ	41.85	2.70	3,533.71	33.91	14.00
INDIASHLTR	EQ	843.25	2.69	9,098.27	1.70	13.95
THANGAMAYL	EQ	2,072.00	1.17	6,440.19	0.67	13.93
RENUKA	EQ	29.15	1.99	6,204.55	47.71	13.78
IXIGO	EQ	146.20	3.12	5,703.42	9.47	13.75
KITEX	EQ	189.72	5.00	3,784.91	7.28	13.64
SANGHVIMOV	EQ	262.90	4.80	2,276.08	5.22	13.62
TRIVENI	EQ	382.15	0.86	8,365.19	3.58	13.60
DISHTV	EQ	6.16	3.01	1,134.21	223.92	13.44
RTNINDIA	EQ	43.77	2.34	6,050.19	31.03	13.41
IMAGICAA	EQ	71.10	4.27	3,855.96	18.93	13.38
JYOTISTRUC	EQ	17.15	1.42	2,038.17	78.22	13.34
AFIL	EQ	80.56	16.52	343.79	17.40	13.24
INFIBEAM	EQ	17.55	1.62	4,895.56	76.13	13.19
AKUMS	EQ	475.45	0.33	7,483.30	2.71	13.06
HDFCSML250	EQ	153.89	1.01	955.68	8.54	13.04
GANESHHOUC	EQ	1,086.95	0.67	9,063.76	1.21	12.95
ORIENTTECH	EQ	394.00	1.36	1,640.68	3.27	12.91
STLTECH	EQ	85.75	1.93	4,183.92	15.29	12.89
SUNFLAG	EQ	258.69	5.00	4,662.10	4.97	12.77
IFBIND	EQ	1,313.10	0.76	5,320.52	0.97	12.75
REFEX	EQ	415.00	1.28	5,361.06	3.06	12.70
BAJAJHIND	EQ	19.70	1.81	2,516.40	64.89	12.69
NESCO	EQ	947.50	0.51	6,676.08	1.34	12.65
MEDICAMEQ	EQ	529.95	9.14	673.81	2.40	12.57
GNFC	EQ	504.40	0.80	7,411.69	2.49	12.47
ELECON	EQ	456.00	1.10	10,232.64	2.74	12.43
PENIND	EQ	193.88	1.80	2,616.34	6.44	12.38
PFIZER	EQ	4,055.15	0.19	18,551.39	0.30	12.36
GUJGASLTD	EQ	412.90	1.29	28,423.63	3.00	12.35
MSUMI	EQ	52.09	1.96	23,029.55	23.99	12.33
SIGACHI	EQ	38.50	4.31	1,283.77	32.00	12.21
MAMATA	EQ	368.10	0.88	905.81	3.30	12.18
SEPC	EQ	15.02	1.14	2,348.62	81.34	12.14
RTNPOWER	EQ	10.29	2.49	5,525.84	118.55	12.10
SALZERELEC	EQ	1,121.00	0.85	1,982.23	1.08	12.08
DOMS	EQ	2,813.00	0.65	17,071.32	0.43	12.06
BRIGADE	EQ	988.00	0.93	24,144.21	1.22	12.02
DCBBANK	EQ	117.49	2.49	3,692.56	10.34	12.00
VALIANTORG	EQ	370.00	10.15	1,021.16	3.48	11.94
PGINVIT	IV	80.11	2.61	7,290.00	14.98	11.92
LAXMIDENTL	EQ	419.80	0.18	2,307.31	2.83	11.90
ELECTCAST	EQ	101.90	2.23	6,299.30	11.71	11.79
JSLL	SM	2,138.00	5.66	5,315.10	0.56	11.69
FCL	EQ	243.12	2.71	2,785.55	4.82	11.68
MAPMYINDIA	EQ	1,751.00	0.47	9,528.96	0.66	11.60
VAIBHAVGBL	EQ	232.99	1.16	3,874.21	5.04	11.59
DANISH	SM	861.00	6.18	1,695.45	1.36	11.55
CYIENTDLM	EQ	453.00	0.24	3,592.57	2.53	11.50
ABDL	EQ	315.80	0.54	8,833.25	3.65	11.49
MANINFRA	EQ	156.66	1.12	5,879.29	7.35	11.48
FUSION	EQ	143.00	2.06	1,444.64	7.99	11.44
GAEL	EQ	110.74	2.89	5,079.32	10.44	11.40
JYOTHYLAB	EQ	342.90	2.43	12,591.79	3.36	11.38
GARUDA	EQ	111.50	3.37	1,037.42	10.07	11.18
GANESHIN	SM	159.00	7.69	679.27	6.98	11.09
SHRIAHIMSA	ST	154.35	5.00	360.10	7.28	11.08
VPRPL	EQ	171.20	3.26	2,133.91	6.54	11.04
CONCORDBIO	EQ	1,708.95	0.73	17,878.39	0.64	10.99
UBL	EQ	1,972.55	0.11	52,155.24	0.55	10.98
ASTRAMICRO	EQ	699.50	2.71	6,641.40	1.57	10.88
NETWORK18	EQ	45.57	1.95	7,026.89	24.09	10.88
SKYGOLD	BE	345.00	2.88	5,061.11	3.18	10.86
ASHAPURMIN	EQ	392.55	3.21	3,749.88	2.81	10.84
MARINE	EQ	181.72	5.00	2,506.73	6.06	10.82
NIACL	EQ	163.60	2.90	26,961.28	6.64	10.76
HPL	EQ	440.80	1.38	2,834.37	2.43	10.70
UTIAMC	EQ	1,073.05	0.75	13,732.58	0.99	10.65
KPEL	EQ	429.00	4.99	2,861.00	2.54	10.64
ISGEC	EQ	1,112.15	2.74	8,177.58	0.96	10.62
HINDOILEXP	EQ	173.95	0.79	2,301.26	6.04	10.55
ABSLAMC	EQ	664.40	2.40	19,167.23	1.60	10.51
BLISSGVS	EQ	126.40	5.25	1,331.88	8.32	10.48
GTLINFRA	EQ	1.53	3.38	1,959.79	689.08	10.41
ALLCARGO	EQ	30.43	1.30	2,990.61	34.37	10.38
LIQUIDBETF	EQ	1,023.89	0.01	371.03	1.01	10.34
DYNAMATECH	EQ	6,290.00	0.08	4,271.82	0.16	10.24
CEWATER	EQ	538.80	9.99	1,115.11	2.00	10.16
TATAINVEST	EQ	6,303.10	0.51	31,890.72	0.16	10.10
REPCOHOME	EQ	354.20	4.25	2,215.92	2.86	10.05
THOMASCOOK	EQ	139.30	2.98	6,552.40	7.23	10.02
NELCO	EQ	910.75	1.61	2,078.19	1.09	9.96
WALCHANNAG	EQ	179.35	5.00	1,209.89	5.65	9.92
FINPIPE	EQ	182.34	1.97	11,313.78	5.48	9.92
UDS	EQ	306.95	5.95	2,055.13	3.29	9.79
SHRIRAMPPS	EQ	76.70	4.65	1,306.61	12.92	9.76
PRICOLLTD	EQ	455.80	0.74	5,555.36	2.13	9.74
ALIVUS	EQ	1,066.00	0.57	13,062.45	0.90	9.64
KRBL	EQ	289.00	0.16	6,614.92	3.33	9.63
SKIPPER	EQ	449.00	1.01	5,065.78	2.16	9.62
SENCO	EQ	305.90	4.99	5,007.00	3.19	9.61
MIDHANI	EQ	290.40	1.47	5,440.35	3.34	9.60
AVANTEL	EQ	117.30	1.56	2,870.75	8.14	9.52
GPTHEALTH	EQ	169.10	8.79	1,387.55	5.65	9.42
CHALET	EQ	875.00	1.24	19,114.85	1.08	9.39
RIIL	EQ	829.00	1.37	1,251.79	1.13	9.33
GLOBUSSPR	EQ	1,100.00	1.34	3,177.72	0.85	9.32
IDEAFORGE	EQ	373.50	2.46	1,609.04	2.51	9.31
APS	SM	386.00	1.90	761.96	2.41	9.29
INDOTECH	EQ	2,315.00	3.28	2,458.53	0.40	9.28
ATULAUTO	EQ	496.60	1.42	1,378.13	1.86	9.21
ENTERO	EQ	1,186.50	2.12	5,162.19	0.78	9.20
JKPAPER	EQ	329.80	1.23	5,586.89	2.81	9.20
JKTYRE	EQ	293.70	1.96	8,047.97	3.15	9.14
SANOFI	EQ	6,001.00	2.13	13,820.68	0.15	9.11
METROPOLIS	EQ	1,593.00	2.44	8,169.08	0.58	9.09
JKIL	EQ	703.10	1.57	5,320.04	1.30	9.07
PRSMJOHNSN	EQ	135.20	2.78	6,805.38	6.61	9.04
NAHARSPING	EQ	232.61	8.60	838.92	3.80	9.03
FMGOETZE	EQ	359.00	8.17	1,997.19	2.54	9.00
APTUS	EQ	302.50	0.22	15,119.38	3.00	9.00
SEQUENT	EQ	142.65	4.03	3,570.56	6.34	8.98
KRISHNADEF	SM	764.80	7.68	1,075.23	1.20	8.97
SPANDANA	EQ	251.57	2.88	1,793.82	3.61	8.97
DHANI	EQ	61.65	1.02	3,718.93	14.53	8.96
INOXGREEN	EQ	122.90	2.47	4,510.64	7.33	8.92
HONAUT	EQ	34,400.00	0.77	30,414.84	0.03	8.88
DELTACORP	EQ	86.47	1.97	2,315.42	10.34	8.88
AARTIDRUGS	EQ	349.35	2.00	3,188.52	2.53	8.87
HCG	EQ	533.45	0.86	7,437.11	1.63	8.73
MOSCHIP	EQ	152.00	0.15	2,904.39	5.70	8.67
EIHOTEL	EQ	376.05	0.03	23,516.82	2.28	8.58
GPTINFRA	EQ	133.49	4.28	1,686.84	6.47	8.55
GULFOILLUB	EQ	1,128.00	1.32	5,561.54	0.77	8.51
TVSSCS	EQ	127.69	2.23	5,633.29	6.66	8.43
GALAXYSURF	EQ	2,265.00	0.86	8,030.50	0.37	8.31
GATEWAY	EQ	63.80	2.10	3,187.73	13.24	8.30
HEMIPROP	EQ	130.55	3.46	3,720.68	6.39	8.28
KINGFA	EQ	3,105.00	4.99	3,760.30	0.26	8.19
SULA	EQ	283.90	1.57	2,396.39	2.90	8.18
MOTISONS	EQ	19.00	3.77	1,870.47	42.69	8.17
754GS2036	GS	109.91	0.20	1,63,765.90	7.41	8.15
KABRAEXTRU	EQ	302.90	3.82	1,059.33	2.71	8.12
UTKARSHBNK	EQ	24.45	6.86	2,693.44	33.53	8.05
ESFL	SM	492.00	4.67	1,222.08	1.63	8.02
STYRENIX	EQ	2,799.00	1.13	4,922.22	0.29	8.01
FIRSTCRY	EQ	369.00	0.05	19,194.23	2.16	7.97
INDIANHUME	EQ	412.00	10.31	2,170.49	2.03	7.95
TBZ	EQ	205.59	5.00	1,371.91	3.97	7.94
MODEFENCE	EQ	71.12	2.18	138.33	11.17	7.90
SCILAL	EQ	48.86	1.10	2,275.89	16.03	7.87
HGINFRA	EQ	1,104.50	1.91	7,198.15	0.72	7.86
BALAMINES	EQ	1,271.15	1.25	4,118.65	0.62	7.84
PILANIINVS	EQ	4,342.20	5.65	4,807.79	0.18	7.82
EXICOM	EQ	165.93	5.00	2,004.84	4.79	7.78
LXCHEM	EQ	184.39	1.58	5,108.04	4.25	7.77
ECLERX	EQ	2,790.05	1.63	13,294.69	0.28	7.71
POLYPLEX	EQ	1,255.00	3.19	3,939.75	0.62	7.69
PNBGILTS	EQ	93.15	3.42	1,676.79	8.29	7.61
ALPHA	EQ	44.63	0.52	562.01	17.14	7.60
VSTIND	EQ	276.00	0.73	4,688.17	2.75	7.53
AGIIL	EQ	835.00	1.34	2,040.19	0.91	7.52
SURYODAY	EQ	110.00	5.33	1,169.13	6.86	7.48
IRMENERGY	EQ	313.00	0.63	1,285.17	2.34	7.38
AWFIS	EQ	672.40	0.13	4,771.55	1.09	7.33
KOLTEPATIL	EQ	337.15	1.41	2,562.49	2.17	7.31
AJMERA	EQ	908.80	0.67	3,576.96	0.79	7.30
SBC	EQ	12.70	0.47	604.76	57.15	7.25
ICICIB22	EQ	104.70	0.62	17,946.17	6.93	7.25
IPL	EQ	143.19	3.27	1,649.03	5.08	7.22
GEOJITFSL	EQ	75.77	4.24	2,114.18	9.70	7.17
ACMESOLAR	EQ	201.70	5.00	12,204.62	3.58	7.14
MMTC	EQ	54.60	0.63	8,190.00	13.10	7.11
MHRIL	EQ	306.90	3.00	6,199.90	2.33	7.11
INOXINDIA	EQ	1,018.45	0.47	9,243.81	0.70	7.10
ETHOSLTD	EQ	2,522.80	1.73	6,175.93	0.28	7.06
RAINBOW	EQ	1,390.30	1.46	14,118.73	0.51	7.04
VASCONEQ	EQ	41.45	6.20	937.96	17.27	7.02
MANGLMCEM	EQ	814.00	1.53	2,238.28	0.86	6.96
LATENTVIEW	EQ	376.00	0.80	7,763.33	1.86	6.95
AHLUCONT	EQ	832.50	1.03	5,576.71	0.83	6.93
POCL	EQ	650.20	0.41	1,828.67	1.06	6.90
BHARATWIRE	EQ	204.20	6.25	1,397.73	3.43	6.84
GUJTHEM	EQ	280.10	2.66	3,052.12	2.43	6.82
GOKULAGRO	EQ	249.95	1.93	3,687.85	2.74	6.81
DCAL	EQ	232.70	5.35	3,648.34	2.96	6.77
MSTCLTD	EQ	521.50	0.65	3,671.36	1.30	6.74
AXITA	EQ	10.20	2.00	354.79	63.93	6.73
GANECOS	EQ	1,630.00	2.97	4,131.56	0.42	6.71
INDRAMEDCO	EQ	403.00	0.39	3,694.42	1.65	6.69
ZUARI	EQ	206.10	2.53	866.82	3.24	6.67
EUREKAFORB	EQ	524.00	0.96	10,133.69	1.26	6.65
CARBORUNIV	EQ	1,018.60	0.82	19,395.97	0.65	6.59
EMUDHRA	EQ	844.40	0.45	6,992.62	0.78	6.56
RATEGAIN	EQ	453.90	0.59	5,358.45	1.44	6.51
EPIGRAL	EQ	1,970.00	1.19	8,498.84	0.34	6.51
RSWM	EQ	151.00	8.07	711.24	4.35	6.48
SYNCOMF	EQ	17.83	4.27	1,676.02	35.98	6.40
LINCOLN	EQ	572.00	2.27	1,145.70	1.11	6.40
ARIHANTCAP	EQ	73.30	5.79	763.15	8.69	6.39
NOCIL	EQ	183.20	1.51	3,059.90	3.51	6.39
IOLCP	EQ	65.85	4.06	1,932.88	9.75	6.36
GMBREW	EQ	684.00	3.46	1,562.73	0.93	6.36
OAL	EQ	330.00	9.53	1,110.57	1.94	6.33
SPAL	EQ	758.80	7.60	1,904.03	0.85	6.31
HEALTHIETF	EQ	141.19	1.82	133.02	4.44	6.30
SALASAR	EQ	9.56	2.03	1,650.79	66.23	6.29
ANUP	EQ	3,442.00	1.52	6,893.11	0.18	6.25
AMBIKCO	EQ	1,406.30	4.58	805.11	0.44	6.25
IGPL	EQ	465.00	4.82	1,431.96	1.33	6.24
DATAMATICS	EQ	640.10	0.52	3,783.40	0.97	6.23
NEOGEN	EQ	1,632.00	0.79	4,305.49	0.38	6.17
PARKHOTELS	EQ	152.00	2.29	3,243.29	4.10	6.15
OPTIEMUS	EQ	447.70	2.94	3,906.32	1.38	6.14
JAMNAAUTO	EQ	76.81	1.86	3,064.56	7.96	6.08
GOODLUCK	EQ	749.35	1.64	2,453.26	0.82	6.07
UNIECOM	EQ	129.74	1.28	1,328.98	4.69	6.06
KCP	EQ	209.50	2.05	2,700.90	2.88	6.05
ROUTE	EQ	972.25	0.70	6,124.94	0.62	6.01
JTLIND	EQ	79.23	2.63	3,114.39	7.59	5.96
ANURAS	EQ	766.50	2.23	8,426.24	0.79	5.95
MICEL	EQ	58.00	2.42	1,397.87	10.22	5.90
IONEXCHANG	EQ	483.40	1.89	7,089.86	1.23	5.87
SPIC	EQ	83.62	1.05	1,702.84	6.97	5.85
DCMSHRIRAM	EQ	1,082.00	0.39	16,872.96	0.54	5.82
DCW	EQ	81.50	2.02	2,405.51	7.18	5.80
SHREDIGCEM	EQ	76.45	4.34	1,130.04	7.75	5.80
NECLIFE	EQ	25.80	3.45	578.59	22.26	5.77
INDIACEM	EQ	283.40	1.07	8,782.49	2.04	5.77
NIITLTD	EQ	125.15	1.46	1,696.88	4.61	5.76
GREENPOWER	EQ	12.65	3.52	1,483.87	46.03	5.74
GRINFRA	EQ	1,073.00	0.51	10,380.23	0.53	5.73
SOLARA	EQ	535.00	0.91	1,928.90	1.05	5.69
SYMPHONY	EQ	1,145.50	0.95	7,866.31	0.50	5.66
SUNTECK	EQ	402.00	0.60	5,888.86	1.40	5.65
WCIL	EQ	77.65	0.30	791.68	7.25	5.64
DPABHUSHAN	EQ	1,614.00	5.33	3,649.40	0.35	5.58
RADHIKAJWE	EQ	90.88	4.99	1,072.38	6.30	5.57
3MINDIA	EQ	29,000.00	1.15	32,668.70	0.02	5.51
ALPL30IETF	EQ	25.85	0.39	1,673.30	21.31	5.51
IWEL	EQ	9,539.95	0.95	11,493.32	0.06	5.50
DREAMFOLKS	EQ	237.00	2.60	1,262.50	2.33	5.49
CONFIPET	EQ	53.51	5.27	1,777.82	10.33	5.48
MEDICO	EQ	55.00	1.85	456.41	9.83	5.38
KSB	EQ	703.85	0.87	12,249.75	0.77	5.37
DHANBANK	EQ	30.60	2.20	1,207.78	17.60	5.33
MONTECARLO	EQ	570.00	3.57	1,181.73	0.94	5.33
NRBBEARING	EQ	220.10	1.52	2,133.27	2.42	5.31
NPST	SM	2,328.95	2.60	4,515.81	0.23	5.28
RPTECH	EQ	304.60	2.51	2,007.30	1.75	5.26
SFL	EQ	710.00	1.26	7,718.13	0.75	5.24
SIMPLEXINF	EQ	325.00	1.18	1,857.14	1.61	5.22
RAMCOSYS	EQ	353.00	2.80	1,316.07	1.45	5.18
DPEL	SM	161.00	5.64	345.62	3.20	5.18
RAMASTEEL	EQ	9.98	1.42	1,551.12	52.24	5.17
ECOSMOBLTY	EQ	199.80	2.43	1,198.80	2.56	5.13
JAGSNPHARM	EQ	234.00	2.70	1,553.46	2.17	5.12
GULPOLY	EQ	196.20	2.94	1,223.71	2.61	5.10
ALPEXSOLAR	SM	652.15	5.00	1,596.03	0.81	5.08
PAISALO	EQ	35.10	1.65	3,166.44	14.30	4.98
FMCGIETF	EQ	56.74	0.23	546.94	8.80	4.97
UNITECH	BZ	6.56	4.96	1,716.29	76.20	4.97
BEPL	EQ	112.95	1.59	2,810.86	4.42	4.97
BECTORFOOD	EQ	1,535.20	2.27	9,425.84	0.32	4.90
SUMMITSEC	EQ	2,010.00	1.95	2,191.26	0.24	4.89
MOLDTKPAC	EQ	481.45	3.73	1,593.87	1.03	4.89
UNICHEMLAB	EQ	700.00	2.05	4,928.40	0.70	4.88
KIRLPNU	EQ	1,215.00	0.92	7,885.03	0.41	4.88
FDC	EQ	410.00	2.31	6,675.21	1.18	4.86
FOODSIN	EQ	90.00	3.69	660.73	5.43	4.85
SANGAMIND	EQ	436.50	5.22	2,193.26	1.12	4.82
DLINKINDIA	EQ	432.25	4.57	1,534.70	1.12	4.79
PYRAMID	EQ	164.80	9.79	606.21	2.91	4.78
DALMIASUG	EQ	390.50	3.03	3,160.68	1.24	4.77
RGL	EQ	131.50	1.18	1,410.08	3.67	4.76
ASIANENE	EQ	296.70	3.24	1,328.46	1.59	4.75
NAVKARCORP	EQ	101.90	0.26	1,533.79	4.65	4.73
CENTURYPLY	EQ	719.20	1.82	15,978.68	0.66	4.72
KICL	EQ	4,464.00	1.33	1,948.67	0.10	4.72
FAZE3Q	EQ	393.00	9.47	955.74	1.19	4.71
IRBINVIT	IV	53.00	0.53	3,076.65	8.79	4.70
TNPL	EQ	130.80	2.11	905.27	3.64	4.69
SWARAJENG	EQ	3,972.00	0.71	4,824.97	0.12	4.69
IMFA	EQ	646.00	3.57	3,485.44	0.73	4.68
FILATEX	EQ	39.40	3.36	1,748.79	11.93	4.66
EKC	EQ	127.00	2.73	1,425.04	3.70	4.66
CHANDAN	SM	209.80	18.53	513.00	2.36	4.64
BALPHARMA	EQ	108.34	19.99	172.49	4.33	4.64
NUVOCO	EQ	318.45	3.23	11,373.64	1.47	4.63
WANBURY	EQ	259.20	2.21	849.41	1.75	4.59
AETHER	EQ	827.90	2.62	10,977.15	0.55	4.56
GOCOLORS	EQ	725.00	3.58	3,915.65	0.63	4.53
HIL	EQ	1,925.00	6.34	1,451.62	0.24	4.50
SPORTKING	EQ	94.25	9.52	1,197.65	4.92	4.50
VGUARD	EQ	355.00	0.07	15,470.16	1.27	4.50
JAICORPLTD	EQ	95.90	2.91	1,683.09	4.67	4.43
MAHLOG	EQ	276.00	2.97	1,990.83	1.61	4.42
MOL	EQ	68.92	3.39	1,752.73	6.47	4.39
SETFNIFBK	EQ	524.15	0.43	297.18	0.84	4.38
PFS	EQ	32.64	0.71	2,096.41	13.48	4.37
TRANSWORLD	EQ	269.45	0.54	591.65	1.62	4.36
MVGJL	EQ	215.00	0.72	1,050.22	2.03	4.35
QPOWER	EQ	317.05	0.92	2,455.37	1.36	4.32
RITCO	EQ	289.70	7.98	820.51	1.55	4.30
NXST	RR	129.00	0.27	19,543.50	3.31	4.27
SUBEXLTD	EQ	12.74	1.19	715.99	33.64	4.26
SMSPHARMA	EQ	227.82	5.29	1,928.54	1.88	4.26
JCHAC	EQ	1,793.00	0.25	4,875.33	0.24	4.25
SMALLCAP	EQ	42.30	0.12	549.81	10.01	4.22
BALMLAWRIE	EQ	192.50	1.26	3,291.82	2.19	4.21
DDEVPLSTIK	EQ	276.20	3.52	2,858.03	1.53	4.20
BFINVEST	EQ	514.10	1.73	1,936.49	0.81	4.19
PLATIND	EQ	286.45	2.87	1,573.32	1.49	4.19
CAPINVIT	IV	89.10	2.37	2,453.81	4.74	4.18
BBOX	EQ	386.60	5.00	6,546.95	1.10	4.17
MCLEODRUSS	EQ	38.67	5.00	403.93	10.84	4.16
KSL	EQ	793.70	1.16	3,464.74	0.53	4.15
LUXIND	EQ	1,424.10	1.38	4,282.51	0.29	4.13
DODLA	EQ	1,155.05	0.47	6,968.16	0.36	4.13
VAISHALI	EQ	12.25	5.15	131.31	31.70	4.12
JGCHEM	EQ	334.95	3.89	1,312.54	1.23	4.09
VAKRANGEE	EQ	10.88	4.92	1,178.51	37.90	4.06
DOLATALGO	EQ	92.10	3.44	1,620.96	4.44	4.01
KOPRAN	EQ	196.79	2.71	950.25	2.02	3.95
PRINCEPIPE	EQ	263.20	0.82	2,909.97	1.49	3.91
KESORAMIND	BE	4.30	4.88	133.59	91.58	3.90
INDOAMIN	EQ	122.50	4.08	889.20	3.16	3.87
WONDERLA	EQ	675.00	0.63	4,280.09	0.58	3.87
BALAJITELE	EQ	69.25	4.99	828.15	5.74	3.80
GICHSGFIN	EQ	177.00	2.93	953.16	2.16	3.80
LANDMARK	EQ	400.00	1.10	1,654.84	0.94	3.80
DENTA	EQ	296.55	1.02	791.79	1.28	3.79
HATHWAY	EQ	13.55	1.42	2,398.49	28.02	3.77
VALIANTLAB	EQ	92.00	8.17	399.74	4.08	3.74
ADVENZYMES	EQ	294.90	3.42	3,299.38	1.28	3.73
SAPPHIRE	EQ	304.50	2.01	9,780.26	1.23	3.71
ARTEMISMED	EQ	279.60	4.15	3,847.36	1.33	3.68
SATINDLTD	EQ	87.55	4.21	990.06	4.26	3.65
ESAFSFB	EQ	27.58	5.83	1,420.93	13.49	3.65
NEXT50IETF	EQ	65.99	0.09	1,339.04	5.53	3.64
FELIX	SM	169.65	4.98	231.96	2.16	3.61
BANCOINDIA	EQ	353.50	0.06	5,056.37	1.02	3.59
MIDCAPETF	EQ	19.54	0.26	931.12	18.39	3.58
AKZOINDIA	EQ	3,531.00	1.22	16,080.28	0.10	3.56
ANUHPHR	EQ	185.00	12.75	927.07	1.99	3.56
NDTV	EQ	120.01	3.57	773.72	2.97	3.54
AONELIQUID	EQ	1,001.82	0.02	26.22	0.35	3.54
HUBTOWN	EQ	210.82	5.00	2,726.97	1.71	3.53
METROBRAND	EQ	1,073.45	1.20	29,224.64	0.33	3.52
ADSL	EQ	195.00	0.26	1,099.45	1.80	3.50
COSMOFIRST	EQ	631.50	0.49	1,657.67	0.55	3.47
JAIBALAJI	EQ	141.00	0.88	12,862.82	2.49	3.47
AESTHETIK	SM	101.65	16.77	175.04	3.56	3.47
ABSLPSE	EQ	9.55	0.74	32.18	36.05	3.45
ZEEMEDIA	EQ	13.75	5.69	859.96	25.96	3.44
HINDMOTORS	EQ	24.05	1.05	501.83	14.36	3.44
HIRECT	EQ	987.00	3.81	1,693.96	0.35	3.43
DCMNVL	EQ	176.00	14.29	328.73	1.94	3.43
BCLIND	EQ	39.39	3.79	1,162.65	8.79	3.39
JTEKTINDIA	EQ	132.25	5.84	3,362.86	2.56	3.33
URAVIDEF	EQ	417.00	5.84	458.70	0.81	3.33
IKIO	EQ	254.11	0.53	1,963.78	1.31	3.33
BAJAJCON	EQ	169.01	1.08	2,316.33	1.96	3.28
LAMBODHARA	EQ	139.00	6.96	144.25	2.28	3.26
ITDC	EQ	604.00	0.78	5,180.47	0.53	3.23
RUPA	EQ	192.00	3.07	1,526.87	1.69	3.22
QUICKHEAL	EQ	301.25	2.45	1,626.95	1.08	3.22
VIKASECO	EQ	2.46	1.23	435.10	128.75	3.21
WELENT	EQ	508.00	1.46	7,031.42	0.63	3.19
KROSS	EQ	170.30	1.76	1,098.60	1.87	3.19
GUFICBIO	EQ	348.20	4.77	3,491.66	0.91	3.16
ROYALARC	SM	169.20	20.00	187.82	2.02	3.15
KALAMANDIR	EQ	138.85	0.19	2,129.49	2.27	3.15
KOTHARIPET	EQ	164.00	7.34	965.08	1.95	3.14
SANSTAR	EQ	94.39	2.58	1,720.20	3.34	3.13
SUBROS	EQ	593.25	2.52	3,870.11	0.53	3.13
STERTOOLS	EQ	321.95	1.00	1,164.95	0.97	3.13
BOROLTD	EQ	345.60	0.70	4,130.71	0.91	3.13
APTECHT	EQ	125.55	2.08	728.56	2.46	3.10
ANNAPURNA	SM	305.00	2.73	665.51	1.02	3.09
ZOTA	EQ	833.00	0.59	2,315.25	0.37	3.08
RAMKY	EQ	468.00	2.33	3,238.46	0.65	3.08
SURAJEST	EQ	334.90	4.04	1,599.93	0.93	3.06
MUTHOOTMF	EQ	133.15	1.58	2,270.10	2.30	3.05
INDOSTAR	EQ	308.85	0.44	4,203.37	0.99	3.05
LMW	EQ	15,546.00	1.87	16,607.79	0.02	3.04
HEIDELBERG	EQ	201.46	1.61	4,565.35	1.50	3.01
VINDHYATEL	EQ	1,345.10	0.31	1,594.06	0.22	3.00
DIAMONDYD	EQ	1,072.25	0.35	2,559.83	0.28	3.00
SANDHAR	EQ	405.00	1.81	2,437.72	0.75	3.00
GANESHBE	EQ	127.00	0.99	914.27	2.40	2.99
RPSGVENT	EQ	866.95	2.63	2,868.43	0.35	2.99
BODALCHEM	EQ	66.30	3.53	835.01	4.59	2.96
KECL	EQ	135.85	1.82	902.24	2.18	2.95
ROTO	EQ	220.20	2.19	1,383.19	1.35	2.95
TRACXN	EQ	54.30	1.08	578.11	5.42	2.95
UGROCAP	EQ	177.50	2.79	1,654.01	1.68	2.95
CASHIETF	EQ	1,003.99	0.01	26.12	0.29	2.94
EVEREADY	EQ	318.90	3.66	2,318.00	0.94	2.93
RELAXO	EQ	428.10	1.58	10,657.06	0.68	2.91
SSWL	EQ	195.90	2.79	3,074.25	1.50	2.90
PARACABLES	EQ	52.15	1.68	1,590.75	5.56	2.87
CIEINDIA	EQ	396.10	0.62	15,026.54	0.72	2.84
TMB	EQ	432.00	2.37	6,840.78	0.67	2.84
MGEL	EQ	15.47	2.38	509.82	18.60	2.83
MUTHOOTCAP	EQ	258.00	0.62	424.35	1.09	2.81
ROHLTD	EQ	415.35	0.97	1,139.11	0.67	2.79
ELIN	EQ	134.90	2.05	669.90	2.08	2.77
FEDFINA	EQ	88.00	2.21	3,279.91	3.15	2.76
ITI	BE	253.80	0.43	24,387.31	1.09	2.75
HINDWAREAP	EQ	204.10	0.10	1,707.22	1.34	2.74
BHAGCHEM	EQ	300.55	3.00	3,897.20	0.92	2.72
SETFNN50	EQ	667.34	0.03	37.21	0.41	2.71
DEEDEV	EQ	260.47	6.43	1,798.65	1.07	2.69
SARLAPOLY	EQ	85.90	5.00	717.29	3.17	2.68
ORISSAMINE	EQ	5,190.00	0.92	3,114.00	0.05	2.67
UFLEX	EQ	517.95	1.45	3,740.19	0.51	2.65
SEAMECLTD	EQ	1,025.00	3.30	2,606.06	0.26	2.64
DHAMPURSUG	EQ	126.15	0.67	824.86	2.09	2.63
SSEGL	SM	464.80	3.92	1,121.93	0.57	2.63
AIMTRON	SM	467.85	9.99	955.06	0.58	2.63
RATNAMANI	EQ	2,659.10	1.53	18,638.16	0.10	2.62
KKCL	EQ	472.00	2.50	2,908.71	0.56	2.61
KSOLVES	EQ	465.85	0.42	1,104.62	0.56	2.60
SUNDARMHLD	EQ	318.60	0.35	7,076.23	0.81	2.59
ZENITHDRUG	SM	102.30	10.00	175.43	2.59	2.59
MAITHANALL	EQ	928.00	2.07	2,701.55	0.28	2.58
KANSAINER	EQ	242.02	0.72	19,565.98	1.06	2.58
SHALBY	EQ	212.00	3.65	2,289.81	1.23	2.57
VEEDOL	EQ	1,455.00	3.20	2,535.19	0.18	2.57
MOLDTECH	EQ	163.95	1.71	468.31	1.60	2.57
AVPINFRA	ST	144.00	4.84	359.70	1.82	2.56
ASIANTILES	EQ	45.28	0.38	665.82	5.65	2.56
TASTYBITE	EQ	8,498.00	0.86	2,180.59	0.03	2.55
PPL	EQ	419.00	1.67	1,002.18	0.61	2.55
PRECOT	EQ	469.35	5.00	563.22	0.55	2.54
THEMISMED	EQ	157.78	6.29	1,452.21	1.65	2.54
SMCGLOBAL	EQ	111.10	3.03	1,163.22	2.28	2.53
MAKEINDIA	EQ	132.53	0.05	202.71	1.90	2.51
EMIL	EQ	127.10	0.93	4,890.16	1.97	2.50
DYCL	EQ	579.50	0.96	1,404.09	0.43	2.50
SURAKSHA	EQ	285.05	5.48	1,484.56	0.89	2.50
VINCOFE	EQ	96.55	2.84	1,186.44	2.61	2.49
SHIVALIK	EQ	690.00	3.08	1,073.67	0.36	2.49
VRLLOG	EQ	492.80	1.85	4,310.45	0.51	2.48
BLAL	EQ	214.50	2.94	893.27	1.16	2.47
BETA	SM	1,974.00	6.66	1,992.66	0.13	2.47
NAHARINDUS	EQ	100.00	7.74	432.06	2.43	2.45
LUMAXTECH	EQ	553.45	1.78	3,772.19	0.44	2.44
GALAPREC	EQ	826.10	0.29	1,048.97	0.30	2.43
TEXINFRA	EQ	104.00	0.23	1,325.24	2.32	2.42
FLAIR	EQ	241.51	0.72	2,545.40	0.99	2.38
ALPA	EQ	113.90	7.88	239.65	2.09	2.38
GROWWLIQID	EQ	103.38	0.03	56.73	2.30	2.37
MOM100	EQ	56.09	0.39	551.25	4.22	2.36
SELAN	EQ	570.70	0.12	867.46	0.41	2.35
MADRASFERT	EQ	75.60	2.37	1,217.93	3.08	2.33
ZUARIIND	EQ	262.30	2.72	781.16	0.88	2.28
GOCLCORP	EQ	285.10	0.28	1,413.31	0.79	2.27
BAJAJELEC	EQ	559.10	1.50	6,448.79	0.41	2.27
SINDHUTRAD	EQ	18.00	2.56	2,775.47	12.93	2.27
ICEMAKE	EQ	857.35	1.07	1,352.88	0.26	2.25
SAHAJSOLAR	SM	246.00	2.31	540.51	0.95	2.25
ONMOBILE	EQ	47.49	1.91	504.92	4.76	2.24
SASKEN	EQ	1,560.00	1.94	2,358.97	0.15	2.24
TCI	EQ	1,130.00	1.18	8,656.79	0.20	2.21
INGERRAND	EQ	3,604.65	0.46	11,379.16	0.06	2.20
GUJAPOLLO	EQ	351.55	10.00	414.83	0.64	2.20
LIQUIDSHRI	EQ	1,046.28	0.02	30.42	0.21	2.20
BASML	EQ	35.20	13.40	228.24	6.37	2.20
MSPL	EQ	29.24	1.60	1,425.42	7.45	2.19
VSTTILLERS	EQ	3,639.95	0.08	3,146.14	0.06	2.18
PVSL	EQ	101.95	2.27	725.87	2.15	2.18
ORIENTPPR	EQ	24.25	1.17	514.55	9.00	2.17
738GS2027	GS	104.39	0.12	1,48,233.80	2.07	2.16
ARMANFIN	EQ	1,384.95	0.47	1,452.89	0.16	2.15
VIKASLIFE	EQ	2.90	1.05	538.72	72.78	2.13
ROSSARI	EQ	630.80	1.54	3,492.35	0.34	2.11
GANDHAR	EQ	147.01	0.54	1,438.93	1.42	2.10
DSSL	EQ	1,062.00	0.02	1,351.43	0.20	2.10
EBBETF0430	EQ	1,482.75	0.21	18,810.79	0.14	2.09
JUNIPER	EQ	262.40	0.92	5,838.46	0.80	2.09
MOKSH	EQ	14.89	9.08	124.70	14.11	2.09
KIRLOSIND	EQ	3,465.00	0.55	3,608.12	0.06	2.09
SAHANA	SM	1,391.45	5.00	1,229.64	0.15	2.07
TEMBO	BE	547.70	0.57	608.15	0.39	2.06
NIBE	EQ	1,197.95	5.00	1,712.66	0.17	2.05
BANKETFADD	EQ	52.37	0.61	524.91	3.90	2.04
DWARKESH	EQ	40.12	1.16	743.43	5.11	2.04
BANKBETF	EQ	51.99	0.62	232.13	3.89	2.03
BIRET	RR	289.95	1.08	17,621.78	0.70	2.02
BANKIETF	EQ	52.52	0.75	2,776.16	3.85	2.02
SAKSOFT	EQ	158.21	0.29	2,097.09	1.28	2.01
UTTAMSUGAR	EQ	277.00	2.31	1,056.43	0.74	2.01
PGHL	EQ	5,310.00	1.02	8,814.27	0.04	2.01
SUPRAJIT	EQ	386.00	1.69	5,294.41	0.53	2.01
WENDT	EQ	9,699.00	2.82	1,939.80	0.02	2.00
MAYURUNIQ	EQ	493.00	1.96	2,142.21	0.41	2.00
BLKASHYAP	EQ	53.00	1.24	1,194.83	3.75	1.98
JPASSOCIAT	BE	3.25	4.84	797.74	61.43	1.97
PRECAM	EQ	180.44	2.26	1,713.92	1.10	1.97
DOLLAR	EQ	397.00	0.93	2,251.63	0.50	1.96
UTIBANKETF	EQ	53.00	0.63	3,601.35	3.70	1.96
AYMSYNTEX	EQ	248.34	5.00	1,452.77	0.79	1.95
BLSE	EQ	155.50	1.33	1,412.82	1.26	1.94
MASTERTR	EQ	139.00	8.27	1,560.50	1.43	1.93
VENUSREM	EQ	320.00	2.94	427.74	0.60	1.93
INDOCO	EQ	255.10	4.54	2,353.24	0.75	1.92
ORIENTHOT	EQ	148.68	1.04	2,655.41	1.29	1.91
SNOWMAN	EQ	48.99	3.73	818.56	3.90	1.90
KANANIIND	EQ	2.60	14.54	51.45	73.11	1.89
OSWALAGRO	EQ	85.00	2.46	1,141.00	2.21	1.88
ROLEXRINGS	EQ	1,322.90	1.22	3,602.69	0.14	1.87
SOLEX	ST	730.60	4.99	789.23	0.26	1.87
CGRAPHICS	SM	160.00	8.51	388.58	1.17	1.87
SAHASRA	ST	317.50	4.99	793.52	0.60	1.86
CARRARO	EQ	324.00	1.36	1,841.99	0.58	1.85
CENTUM	EQ	1,669.00	0.76	2,454.62	0.11	1.84
JLHL	EQ	1,556.05	0.51	10,202.40	0.12	1.84
GOPAL	EQ	277.00	1.26	3,452.04	0.66	1.82
DEN	EQ	33.01	1.23	1,575.32	5.54	1.82
GHCLTEXTIL	EQ	79.30	5.12	758.00	2.31	1.81
DENTALKART	SM	676.00	6.05	1,123.63	0.27	1.80
SUNDROP	EQ	836.50	3.69	3,153.34	0.21	1.79
CARERATING	EQ	1,174.00	0.72	3,514.03	0.15	1.79
UDAICEMENT	EQ	28.69	6.69	1,608.18	6.41	1.79
UTSSAV	SM	223.00	8.17	531.14	0.80	1.79
OMINFRAL	EQ	121.00	2.84	1,165.28	1.48	1.77
ARIES	EQ	268.90	4.57	349.69	0.65	1.75
VINYAS	SM	792.80	5.00	997.72	0.23	1.74
XPROINDIA	EQ	1,220.00	3.32	2,720.65	0.14	1.74
TARC	EQ	142.52	4.99	4,205.71	1.22	1.74
TTKHLTCARE	EQ	1,327.30	7.89	1,875.52	0.13	1.73
DVL	EQ	349.00	2.30	1,222.36	0.49	1.73
AVADHSUGAR	EQ	465.00	0.30	930.86	0.37	1.72
RESPONIND	EQ	202.00	2.60	5,385.49	0.86	1.71
BANKNIFTY1	EQ	530.70	0.68	4,944.90	0.32	1.68
PAKKA	EQ	181.30	1.84	814.91	0.93	1.68
ACLGATI	EQ	58.40	0.40	858.92	2.89	1.68
PURVA	EQ	249.54	0.27	5,917.83	0.67	1.68
RBZJEWEL	BE	146.75	4.99	587.00	1.17	1.68
GROWWDEFNC	EQ	64.40	1.80	91.98	2.59	1.67
MASFIN	EQ	256.10	0.11	4,647.02	0.65	1.67
TCIEXP	EQ	651.85	1.97	2,501.80	0.26	1.66
ATALREAL	EQ	14.86	4.94	164.97	11.40	1.65
AVL	EQ	452.30	0.34	5,819.43	0.36	1.65
FROG	SM	248.75	5.14	386.28	0.68	1.65
JAGRAN	EQ	70.00	0.06	1,523.58	2.35	1.64
NAHARPOLY	EQ	220.01	9.34	540.96	0.76	1.63
LIKHITHA	EQ	283.00	1.82	1,116.44	0.58	1.62
SGBJUL28IV	GB	8,940.00	0.56	3,692.95	0.02	1.60
SPENCERS	EQ	68.48	3.49	617.22	2.35	1.59
NDL	EQ	4.01	6.93	578.03	40.17	1.57
BIGBLOC	EQ	66.60	3.30	942.89	2.36	1.56
JINDALPOLY	EQ	713.00	1.68	3,121.97	0.22	1.56
KRONOX	EQ	149.99	2.52	556.52	1.04	1.56
MINDTECK	EQ	179.00	3.23	571.23	0.89	1.56
CENTENKA	EQ	550.00	2.35	1,201.78	0.28	1.56
GOACARBON	EQ	479.05	0.03	438.38	0.32	1.55
20MICRONS	EQ	207.45	0.06	732.02	0.75	1.55
BYKE	EQ	71.74	4.99	375.05	2.17	1.55
WHEELS	EQ	632.00	2.23	1,544.17	0.25	1.55
TVTODAY	EQ	160.74	0.53	959.11	0.96	1.54
DBCORP	EQ	235.91	0.07	4,203.73	0.65	1.53
ADFFOODS	EQ	248.95	1.72	2,735.05	0.61	1.52
RAMCOIND	EQ	241.00	1.09	2,092.10	0.63	1.51
AGARIND	EQ	1,019.95	1.69	1,525.62	0.15	1.51
HGS	EQ	484.05	2.26	2,251.81	0.31	1.50
ESTER	EQ	125.40	2.17	1,179.29	1.19	1.50
FINOPB	EQ	235.50	2.56	1,959.79	0.64	1.49
MOSMALL250	EQ	15.28	0.73	86.48	9.77	1.49
ASHIMASYN	EQ	21.60	7.52	413.99	7.05	1.48
INFRABEES	EQ	875.40	0.45	172.86	0.17	1.48
EIMCOELECO	EQ	1,467.05	0.18	846.25	0.10	1.48
KIOCL	EQ	248.45	0.86	15,099.58	0.59	1.47
TIRUPATIFL	BE	31.41	1.98	371.52	4.76	1.47
BARFLEX	SM	61.00	11.42	150.97	2.46	1.46
VHL	EQ	3,784.00	6.22	1,204.75	0.04	1.45
MARALOVER	EQ	74.98	19.99	311.23	2.00	1.43
URBAN	SM	183.50	0.25	158.91	0.79	1.43
HERANBA	BE	246.08	5.00	984.65	0.59	1.43
MINDSPACE	RR	378.42	1.32	23,052.73	0.38	1.42
EBBETF0431	EQ	1,328.50	0.33	12,628.01	0.11	1.41
TALBROAUTO	EQ	249.97	1.07	1,543.02	0.56	1.40
WINSOL	SM	194.85	3.70	224.76	0.72	1.39
TRF	EQ	378.00	3.82	415.97	0.37	1.38
ZEELEARN	EQ	6.36	6.18	208.01	21.90	1.36
HLVLTD	EQ	13.09	2.83	862.97	10.46	1.35
RPPINFRA	BE	158.85	5.00	604.99	0.86	1.35
RATNAVEER	EQ	142.00	1.22	753.30	0.95	1.34
HUHTAMAKI	EQ	195.25	1.63	1,474.57	0.68	1.33
VSSL	EQ	214.00	2.02	1,749.09	0.63	1.33
OLIL	ST	154.50	0.06	55.68	0.88	1.33
ORCHASP	EQ	3.75	19.81	119.83	37.40	1.33
SAURASHCEM	EQ	90.68	4.41	1,008.70	1.50	1.33
RUSTOMJEE	EQ	515.00	1.09	6,490.36	0.25	1.31
SATIN	EQ	147.02	0.03	1,624.14	0.89	1.31
COOLCAPS	ST	761.00	0.18	879.72	0.17	1.31
HARSHA	EQ	380.00	1.01	3,459.68	0.34	1.30
ALICON	EQ	675.00	1.60	1,097.67	0.19	1.30
KORE	ST	181.00	4.99	214.94	0.72	1.29
HONDAPOWER	EQ	2,053.80	1.35	2,083.18	0.06	1.29
SANGHIIND	EQ	60.45	1.32	1,561.58	2.14	1.28
MCLOUD	EQ	62.00	1.29	3,623.25	2.10	1.28
EGOLD	EQ	92.10	0.33	159.77	1.39	1.28
SHREEPUSHK	EQ	268.00	1.77	866.65	0.48	1.27
EXPLEOSOL	EQ	827.00	0.57	1,283.48	0.15	1.27
CHEMPLASTS	EQ	436.10	0.15	6,895.16	0.29	1.26
HNDFDS	EQ	552.00	0.79	6,324.45	0.23	1.26
BHARATRAS	EQ	10,750.00	1.14	4,466.91	0.01	1.25
BLACKBUCK	EQ	417.25	1.29	7,402.29	0.30	1.25
ASTEC	EQ	726.50	1.08	1,424.77	0.17	1.23
QUESTLAB	ST	114.95	4.98	188.37	1.07	1.22
5PAISA	EQ	374.00	1.88	1,168.24	0.33	1.22
DHUNINV	EQ	1,555.00	8.00	948.11	0.08	1.22
GRPLTD	EQ	3,100.00	0.46	1,653.33	0.04	1.22
RELTD	EQ	132.55	1.93	2,366.74	0.91	1.22
DHARMAJ	EQ	200.10	2.85	676.28	0.61	1.21
SOMANYCERA	EQ	438.80	2.39	1,799.50	0.28	1.21
PSUBNKIETF	EQ	64.51	1.82	72.94	1.88	1.21
PANAMAPET	EQ	388.40	1.30	2,349.57	0.31	1.20
AUTOAXLES	EQ	1,664.95	2.62	2,516.07	0.07	1.20
ARIHANTSUP	EQ	422.00	3.18	1,736.95	0.28	1.19
EVERESTIND	BE	459.80	2.18	727.40	0.26	1.18
PRECWIRE	EQ	137.31	0.69	2,453.15	0.86	1.18
SARVESHWAR	EQ	6.83	1.79	668.53	17.27	1.17
JAYBEE	SM	242.10	3.44	546.36	0.49	1.17
EIHAHOTELS	EQ	363.00	1.82	2,211.99	0.32	1.16
FILATFASH	BE	0.54	3.85	450.04	222.83	1.16
AXISBPSETF	EQ	12.50	0.32	1,111.75	9.28	1.15
TREJHARA	EQ	197.00	1.18	285.97	0.57	1.15
LYKALABS	EQ	106.15	0.26	378.85	1.07	1.15
HDFCNIFBAN	EQ	52.68	0.86	5,176.54	2.18	1.15
KBCGLOBAL	BE	1.03	3.00	269.28	112.95	1.14
SOUTHWEST	EQ	115.40	7.84	321.99	0.97	1.11
RUSHIL	EQ	23.35	2.64	644.03	4.78	1.11
AMRUTANJAN	EQ	666.00	3.18	1,925.45	0.17	1.09
3IINFOLTD	EQ	22.94	1.73	389.11	4.81	1.09
RAJRATAN	EQ	297.00	1.11	1,507.90	0.37	1.09
INDUSINVIT	IV	109.64	2.45	4,856.38	1.00	1.08
ANDHRSUGAR	EQ	71.60	1.00	970.43	1.50	1.07
SUYOG	BE	923.90	4.99	998.04	0.12	1.07
SAGCEM	EQ	197.99	1.98	2,587.88	0.54	1.07
KRYSTAL	EQ	459.05	1.22	641.38	0.23	1.07
GTL	EQ	8.45	0.24	132.92	12.33	1.06
BPL	EQ	75.25	3.04	368.54	1.41	1.05
DRCSYSTEMS	EQ	27.28	2.02	364.72	3.79	1.04
MOREALTY	EQ	85.54	0.23	67.92	1.22	1.04
TEGA	EQ	1,469.75	0.94	9,779.05	0.07	1.03
CONSUMBEES	EQ	119.60	0.17	161.88	0.85	1.02
BANSALWIRE	EQ	375.75	0.13	5,882.59	0.27	1.01
NDRAUTO	EQ	704.00	4.04	1,674.49	0.15	1.01
DENORA	EQ	779.45	3.57	413.78	0.13	1.01
GREENPLY	EQ	289.10	1.07	3,610.09	0.35	1.01
VETO	EQ	111.10	2.75	212.37	0.90	1.00
AFFORDABLE	EQ	431.95	7.28	485.78	0.24	1.00
TVSSRICHAK	EQ	2,705.00	1.86	2,071.23	0.04	0.99
MOMOMENTUM	EQ	57.29	0.28	115.55	1.73	0.98
GSLSU	EQ	110.90	1.05	470.01	0.88	0.98
OMAXE	EQ	80.59	2.00	1,474.00	1.22	0.98
PDMJEPAPER	BE	104.10	3.05	988.43	0.94	0.97
NOVAAGRI	EQ	46.25	1.94	427.90	2.10	0.96
CHEMCON	EQ	179.50	2.43	657.52	0.54	0.96
BALAJEE	EQ	45.72	2.40	372.94	2.12	0.96
KUANTUM	EQ	107.82	0.32	940.88	0.88	0.96
ASHIANA	EQ	300.00	1.35	3,015.75	0.32	0.96
ASAL	EQ	504.00	1.80	799.57	0.19	0.95
MOHEALTH	EQ	42.60	2.58	28.29	2.18	0.94
HMAAGRO	EQ	31.25	3.20	1,564.91	3.01	0.93
KMEW	EQ	1,485.05	1.05	1,604.00	0.06	0.93
MUFIN	EQ	69.89	0.19	1,126.45	1.33	0.93
MIDCAPIETF	EQ	19.77	0.36	415.14	4.72	0.93
SJLOGISTIC	SM	530.00	1.96	801.53	0.18	0.93
BANSWRAS	EQ	132.12	4.34	452.27	0.70	0.92
ARROWGREEN	BE	599.35	4.99	904.30	0.16	0.92
GODAVARIB	BE	170.57	5.00	872.91	0.54	0.92
BOROSCI	EQ	126.20	1.24	1,122.34	0.73	0.92
EMAMIREAL	EQ	132.82	5.00	502.64	0.68	0.91
LEMERITE	ST	294.80	0.67	692.22	0.31	0.90
SPLPETRO	EQ	624.05	0.64	11,734.72	0.14	0.90
TIL	EQ	255.00	0.85	1,698.35	0.36	0.90
VIESL	SM	142.00	7.70	349.92	0.66	0.90
DIACABS	EQ	97.00	2.68	5,111.62	0.94	0.90
MANALIPETC	EQ	59.40	1.63	1,021.68	1.52	0.89
NV20IETF	EQ	14.27	1.64	184.23	6.38	0.89
XCHANGING	EQ	89.25	1.09	994.28	1.00	0.88
MSCIINDIA	EQ	27.45	0.29	1,014.81	3.22	0.88
TARMAT	EQ	55.15	5.89	131.34	1.64	0.88
ATL	EQ	24.89	2.47	611.54	3.60	0.88
KILITCH	EQ	356.30	0.37	573.01	0.24	0.88
VISAKAIND	EQ	63.20	1.01	546.08	1.39	0.88
OSWALGREEN	EQ	37.88	1.72	972.79	2.32	0.87
BAHETI	SM	566.50	0.33	587.38	0.16	0.87
TOLINS	BE	124.40	5.00	491.49	0.72	0.87
VLSFINANCE	EQ	223.80	5.53	761.15	0.39	0.86
SHERA	SM	160.50	3.68	365.75	0.53	0.85
ZIMLAB	EQ	88.75	2.93	432.44	0.97	0.85
SKMEGGPROD	EQ	180.30	1.79	474.73	0.47	0.85
SHANKARA	EQ	599.00	2.28	1,452.53	0.14	0.85
EFFWA	SM	192.50	4.99	445.58	0.44	0.85
NELCAST	EQ	91.59	3.17	796.84	0.93	0.85
RUBYMILLS	EQ	199.58	2.12	667.40	0.42	0.84
PSUBANK	EQ	637.35	1.06	1,409.65	0.13	0.84
CLSEL	EQ	311.80	0.86	1,550.44	0.27	0.84
HAPPYFORGE	EQ	801.55	0.46	7,553.98	0.11	0.84
COFFEEDAY	BE	28.91	1.98	610.73	2.90	0.84
HPAL	EQ	54.24	3.53	498.33	1.57	0.84
CUBEXTUB	EQ	89.77	3.47	128.54	0.93	0.84
NIRAJ	EQ	60.70	2.88	294.24	1.37	0.83
76NHAI31	NA	1,095.50	0.25	2,930.75	0.08	0.83
VIPCLOTHNG	EQ	31.00	3.09	279.40	2.67	0.83
PRIMESECU	EQ	239.00	0.34	803.59	0.35	0.83
JAYSREETEA	EQ	94.12	0.46	271.79	0.86	0.81
YUKEN	EQ	822.00	1.52	1,068.60	0.10	0.80
RNFI	ST	232.50	1.75	580.15	0.35	0.80
GGBL	ST	330.95	0.95	820.79	0.24	0.79
NILAINFRA	EQ	9.29	1.53	365.92	8.36	0.78
LINC	EQ	107.16	2.92	637.49	0.73	0.78
DPWIRES	EQ	211.30	3.07	327.65	0.37	0.78
SESHAPAPER	EQ	270.00	1.79	1,702.84	0.29	0.78
ICRA	EQ	5,555.00	0.57	5,361.26	0.01	0.77
865IRFC29	NA	1,095.00	0.42	753.75	0.07	0.77
KCEIL	ST	187.55	4.98	205.55	0.42	0.77
KAYA	EQ	243.00	0.73	318.27	0.31	0.76
SILVERTUC	EQ	694.45	3.99	880.63	0.11	0.76
TVSELECT	EQ	332.60	0.15	620.31	0.23	0.76
STEELXIND	EQ	8.43	0.24	1,009.60	9.07	0.76
ROXHITECH	ST	43.50	3.94	99.34	1.74	0.76
DMCC	EQ	299.80	0.62	747.70	0.25	0.76
NCLIND	EQ	193.49	1.82	875.21	0.39	0.75
EBBETF0425	EQ	1,289.65	0.04	9,830.04	0.06	0.75
HDFCLIQUID	EQ	1,005.18	0.02	29.87	0.07	0.75
PRABHA	EQ	218.19	10.00	2,987.14	0.35	0.75
UNIPARTS	EQ	327.95	0.72	1,480.16	0.23	0.74
MAXIND	EQ	189.50	3.94	826.02	0.39	0.73
ADORWELD	EQ	879.00	1.14	1,529.71	0.08	0.73
MID150CASE	EQ	9.57	0.53	64.09	7.65	0.73
LAGNAM	EQ	109.10	11.43	192.77	0.68	0.72
JPOLYINVST	EQ	719.00	1.64	755.81	0.10	0.72
DUCON	EQ	6.00	2.56	194.96	12.07	0.72
FRESHARA	SM	149.40	3.14	351.08	0.50	0.72
SENSEXIETF	EQ	866.00	0.11	17,611.91	0.08	0.72
SAH	EQ	82.07	1.08	211.71	0.86	0.71
CREST	EQ	381.90	0.54	1,086.51	0.18	0.71
EMAPARTNER	SM	117.55	2.22	273.26	0.59	0.71
OSIAHYPER	EQ	24.64	2.62	328.02	2.89	0.71
GULFPETRO	EQ	40.30	2.94	205.47	1.78	0.71
KANPRPLA	EQ	115.00	3.41	246.89	0.61	0.71
FAIRCHEMOR	EQ	905.20	0.48	1,178.65	0.08	0.70
KOTYARK	ST	359.55	4.99	369.59	0.19	0.70
RANEHOLDIN	EQ	1,325.00	0.27	1,891.81	0.05	0.69
BTML	EQ	9.06	4.98	163.53	7.61	0.69
ROSSELLIND	EQ	68.79	4.46	259.31	1.01	0.69
MUNJALAU	EQ	72.00	0.13	720.00	0.96	0.69
MMP	EQ	279.95	1.06	711.15	0.25	0.69
NMSTEEL	ST	26.95	4.86	46.59	2.54	0.69
THEJO	EQ	1,848.00	2.67	2,004.33	0.04	0.68
KDL	ST	312.20	4.99	375.39	0.22	0.68
VARDHACRLC	EQ	45.00	9.22	361.64	1.54	0.68
VISHWARAJ	EQ	9.17	2.69	199.75	7.41	0.67
ALBERTDAVD	EQ	880.00	4.78	502.23	0.08	0.67
BANARISUG	EQ	3,814.95	2.92	4,783.83	0.02	0.67
ADVANIHOTR	EQ	61.50	2.72	568.50	1.09	0.67
SONAMLTD	EQ	44.90	2.56	179.74	1.48	0.66
KHANDSE	EQ	25.30	14.38	38.59	2.66	0.66
PSRAJ	SM	140.00	2.19	105.54	0.47	0.66
KHAICHEM	EQ	49.98	1.34	484.75	1.32	0.66
ESSENTIA	EQ	2.28	1.33	243.43	29.03	0.66
INDORAMA	EQ	37.49	6.17	978.91	1.77	0.65
718GS2037	GS	106.18	0.58	1,82,629.60	0.61	0.65
DEVIT	EQ	117.00	2.30	263.65	0.56	0.65
MAHICKRA	SM	111.00	1.19	90.16	0.59	0.64
BAJAJINDEF	EQ	262.00	2.75	838.40	0.25	0.64
VINEETLAB	EQ	36.49	5.13	33.64	1.73	0.64
PURPLEUTED	SM	153.00	2.62	147.03	0.42	0.64
SSDL	EQ	88.00	0.63	348.48	0.72	0.64
PARSVNATH	EQ	22.00	0.92	957.40	2.86	0.63
SDL26BEES	EQ	129.39	0.52	5,258.93	0.49	0.63
ALANKIT	EQ	15.10	2.65	409.45	4.19	0.63
MODISONLTD	EQ	136.55	3.09	443.10	0.46	0.63
NAGAFERT	BE	4.89	4.94	292.45	12.84	0.62
BSE500IETF	EQ	36.00	0.33	342.45	1.74	0.62
MIRZAINT	EQ	28.95	0.35	400.09	2.14	0.62
706GS2028	GS	105.10	0.19	1,16,661.00	0.58	0.61
SPCENET	BE	7.20	4.96	406.57	8.51	0.61
RUCHIRA	EQ	123.31	2.94	368.02	0.49	0.61
BUTTERFLY	EQ	611.05	0.09	1,092.53	0.10	0.61
GFLLIMITED	EQ	55.76	0.85	612.52	1.09	0.61
UFO	EQ	72.20	2.24	280.24	0.84	0.61
BRNL	EQ	29.44	0.62	247.15	2.04	0.60
TRIGYN	EQ	75.10	1.86	231.20	0.80	0.60
HPIL	EQ	126.50	1.73	144.51	0.46	0.60
IVP	EQ	162.23	6.80	167.52	0.38	0.60
GROWWRAIL	EQ	35.12	1.21	30.02	1.70	0.59
PREMIERPOL	EQ	65.30	1.87	683.97	0.91	0.59
ALLETEC	SM	381.10	0.91	769.60	0.16	0.58
ORBTEXP	EQ	169.00	9.46	447.34	0.35	0.58
APCOTEXIND	EQ	329.05	0.34	1,705.96	0.18	0.58
PILITA	EQ	15.15	1.00	356.03	3.85	0.58
JAYNECOIND	EQ	33.50	3.91	3,252.84	1.74	0.58
SHIVATEX	EQ	200.00	10.89	259.25	0.30	0.58
NEXT50	EQ	644.53	0.02	544.40	0.09	0.58
MEGATHERM	SM	290.90	3.34	548.08	0.20	0.58
676GS2061	GS	102.00	2.51	1,44,941.55	0.58	0.57
MUKANDLTD	EQ	96.60	2.34	1,395.83	0.59	0.57
KRITI	EQ	110.00	2.40	562.14	0.52	0.57
SRHHYPOLTD	EQ	519.00	1.08	890.85	0.11	0.57
JNKINDIA	EQ	351.00	1.83	1,958.14	0.16	0.56
CLEDUCATE	EQ	86.79	2.31	469.52	0.65	0.56
INDSWFTLAB	EQ	92.05	2.93	543.89	0.61	0.56
HARRMALAYA	EQ	201.65	0.68	372.15	0.27	0.56
HDFCMID150	EQ	19.37	0.31	114.48	2.86	0.55
SUMIT	EQ	94.00	0.49	425.53	0.58	0.55
GSMFOILS	ST	126.00	5.00	161.43	0.44	0.55
NITCO	EQ	119.50	1.65	858.71	0.46	0.55
MANBA	EQ	135.95	0.38	683.00	0.40	0.54
INDOWIND	EQ	17.65	4.25	227.34	3.11	0.54
FCSSOFT	EQ	2.63	1.54	449.61	20.74	0.54
SRD	EQ	57.50	4.26	367.81	0.96	0.54
TRANSTEEL	SM	103.10	0.34	208.04	0.52	0.54
A2ZINFRA	EQ	14.60	1.74	257.13	3.60	0.53
NRL	EQ	61.62	0.55	422.96	0.86	0.53
NIRMAN	ST	227.50	4.96	182.22	0.23	0.53
364D220126	TB	95.00	0.47	8,573.83	0.55	0.52
RAJINDLTD	SM	80.25	4.90	178.28	0.65	0.52
CSLFINANCE	EQ	279.00	1.71	635.64	0.19	0.52
FINIETF	EQ	26.66	0.04	110.81	1.94	0.52
NATCAPSUQ	EQ	205.55	4.72	212.56	0.25	0.52
TNPETRO	EQ	71.85	0.15	646.45	0.72	0.51
LAKSHYA	ST	180.45	4.91	181.96	0.29	0.51
HITECHCORP	EQ	200.89	7.39	345.04	0.26	0.51
RKEC	EQ	73.48	4.99	176.28	0.70	0.51
INFRAIETF	EQ	86.55	0.29	121.09	0.59	0.51
STCINDIA	EQ	126.60	1.86	759.60	0.41	0.51
GATECH	EQ	0.67	4.69	45.60	77.03	0.51
TIRUPATI	SM	700.05	1.46	709.15	0.07	0.51
RANASUG	EQ	13.95	3.79	214.23	3.70	0.50
KODYTECH	ST	1,007.75	2.00	1,284.64	0.05	0.50
SPECIALITY	EQ	142.00	3.13	684.95	0.36	0.50
BBETF0432	EQ	1,249.00	0.38	10,680.36	0.04	0.50
SPLIL	EQ	35.00	9.92	101.50	1.50	0.50
VRAJ	EQ	165.50	2.03	545.86	0.30	0.50
INTLCONV	EQ	69.90	0.17	443.02	0.70	0.50
LUMAXIND	EQ	2,570.05	0.31	2,402.41	0.02	0.49
RUCHINFRA	EQ	7.66	1.73	180.80	6.38	0.49
KOHINOOR	EQ	33.60	3.13	124.56	1.47	0.49
JINDALPHOT	EQ	685.00	1.20	702.70	0.07	0.49
CENTRUM	EQ	24.92	0.40	1,036.75	1.96	0.49
IFGLEXPOR	EQ	379.85	1.73	1,368.95	0.13	0.49
AGARWALTUF	SM	116.25	0.96	205.47	0.42	0.49
EBBETF0433	EQ	1,218.98	0.42	6,249.18	0.04	0.48
BHAGERIA	EQ	157.00	1.08	685.21	0.30	0.48
SETF10GILT	EQ	251.90	0.32	34.98	0.19	0.48
DCM	EQ	103.85	4.97	193.97	0.46	0.47
SHALPAINTS	EQ	102.51	1.53	858.12	0.46	0.47
HEALTHY	EQ	14.15	1.65	35.76	3.32	0.47
VIRINCHI	EQ	22.14	0.96	227.26	2.12	0.47
AVTNPL	EQ	58.15	1.68	885.53	0.81	0.47
LOVABLE	EQ	87.65	7.89	129.72	0.54	0.47
NAHARCAP	EQ	246.90	4.59	413.46	0.19	0.47
AARTISURF	EQ	445.00	3.19	376.40	0.11	0.47
AVONMORE	BE	19.68	4.96	555.34	2.35	0.46
709GS2054	GS	103.50	0.30	1,03,500.00	0.45	0.46
SASTASUNDR	EQ	258.49	2.46	822.27	0.18	0.46
SADHNANIQ	BE	17.64	5.00	581.08	2.62	0.46
PONNIERODE	EQ	319.30	0.49	274.55	0.14	0.46
INDOTHAI	BE	1,925.00	0.19	1,955.48	0.02	0.46
KMSUGAR	EQ	28.40	2.23	261.28	1.63	0.46
PROZONER	BE	32.74	4.97	499.62	1.40	0.46
LIBERTSHOE	EQ	335.00	1.42	570.84	0.14	0.46
RHFL	EQ	3.52	4.76	170.74	13.03	0.46
PAVNAIND	EQ	375.00	4.12	456.78	0.12	0.45
MUNJALSHOW	EQ	113.90	1.32	455.54	0.40	0.45
CPCAP	EQ	432.50	0.02	786.84	0.11	0.45
RAJMET	BE	4.73	4.88	130.78	9.73	0.45
CORDSCABLE	EQ	165.13	0.29	213.48	0.27	0.45
SHIVAMAUTO	EQ	28.13	2.63	343.81	1.60	0.45
SIKKO	EQ	76.02	0.25	166.03	0.58	0.45
NILKAMAL	EQ	1,625.00	1.62	2,424.91	0.03	0.45
USK	EQ	38.37	2.48	212.41	1.16	0.45
MOVALUE	EQ	96.00	0.22	130.34	0.46	0.45
HDFCPVTBAN	EQ	26.04	0.70	681.41	1.71	0.44
EMMBI	EQ	91.25	0.76	168.57	0.48	0.44
PRAXIS	EQ	10.22	4.93	188.86	4.36	0.44
MAXVOLT	SM	169.95	0.09	185.31	0.26	0.44
PFOCUS	EQ	94.00	2.73	2,819.88	0.47	0.44
ABSMARINE	ST	107.50	4.98	263.91	0.41	0.43
YAARI	EQ	16.68	4.97	167.54	2.61	0.43
RKSWAMY	EQ	224.39	0.01	1,132.66	0.19	0.43
SGBSEP28VI	GB	8,965.00	0.62	2,859.95	0.00	0.43
ELGNZ	SM	118.80	0.34	268.48	0.36	0.43
PVP	EQ	23.58	2.30	614.03	1.82	0.43
CHAVDA	SM	138.05	0.07	340.38	0.31	0.43
SURANASOL	EQ	34.50	3.45	169.76	1.25	0.43
FOSECOIND	EQ	3,500.00	0.20	2,235.26	0.01	0.43
AJOONI	EQ	6.09	1.84	104.90	7.04	0.42
PLASTIBLEN	EQ	186.40	1.29	484.44	0.22	0.42
SADHAV	SM	91.15	1.79	130.82	0.46	0.42
PELATRO	ST	372.00	3.91	387.13	0.11	0.42
INDNIPPON	EQ	601.25	0.02	1,360.11	0.07	0.42
KCPSUGIND	EQ	36.17	2.38	410.11	1.16	0.42
GOKUL	EQ	44.65	2.57	442.01	0.92	0.41
HERCULES	EQ	166.26	5.00	532.03	0.25	0.41
SILGO	EQ	47.00	3.71	86.93	0.89	0.41
VMARCIND	ST	242.55	5.00	592.32	0.17	0.41
TECHERA	SM	131.85	1.81	217.83	0.30	0.40
CROWN	EQ	177.99	4.72	199.76	0.23	0.40
RAPPID	SM	267.70	4.92	138.99	0.15	0.40
AIRAN	EQ	28.01	0.54	350.18	1.42	0.40
INVENTURE	EQ	1.50	2.74	157.50	26.91	0.40
UMAEXPORTS	EQ	86.85	1.57	293.64	0.46	0.40
VSTL	EQ	158.91	2.65	301.33	0.25	0.40
ACL	EQ	56.00	5.30	516.16	0.71	0.39
ASMS	EQ	15.20	1.47	462.96	2.59	0.39
MIDCAP	EQ	149.45	0.28	54.27	0.26	0.39
AUTOIND	EQ	75.30	2.70	293.39	0.53	0.39
OCCL	EQ	176.00	5.12	175.83	0.22	0.39
LAWSIKHO	ST	171.70	4.98	273.17	0.23	0.38
OMFURN	SM	115.85	1.67	136.41	0.34	0.38
OWAIS	ST	582.25	2.00	1,058.67	0.07	0.38
OBSCP	ST	153.95	1.99	376.44	0.25	0.38
BEWLTD	SM	167.00	5.00	218.32	0.23	0.38
PLAZACABLE	EQ	54.10	1.35	236.70	0.71	0.38
HDFCGROWTH	EQ	110.98	0.47	14.03	0.35	0.38
KOKUYOCMLN	EQ	109.00	0.29	1,093.31	0.35	0.38
RBL	EQ	715.05	0.44	552.72	0.05	0.38
DIVGIITTS	EQ	478.50	2.85	1,463.39	0.08	0.38
BASILIC	ST	277.95	4.99	645.96	0.14	0.37
IRISDOREME	EQ	46.72	2.34	444.61	0.80	0.37
PCCL	SM	180.00	3.24	444.60	0.21	0.37
NIBL	EQ	23.50	3.34	56.94	1.59	0.37
LORDSCHLO	BE	147.92	5.00	372.08	0.25	0.36
IZMO	BE	283.55	2.00	421.10	0.13	0.36
FOCUS	EQ	90.00	4.99	605.28	0.40	0.36
MANCREDIT	EQ	164.18	0.79	321.20	0.22	0.36
BGRENERGY	BE	81.60	2.00	588.84	0.45	0.36
KANORICHEM	EQ	81.10	2.83	354.35	0.44	0.36
739NHAI31A	ND	1,150.00	1.77	2,164.44	0.03	0.36
SILINV	EQ	605.70	2.97	641.79	0.06	0.35
ESCONET	ST	180.60	5.00	236.48	0.20	0.35
SGBAPR28I	GB	9,018.00	0.51	1,598.78	0.00	0.35
REPRO	EQ	423.50	1.26	606.60	0.08	0.35
UNIDT	EQ	218.98	1.57	444.60	0.16	0.35
HCL-INSYS	EQ	13.05	2.68	429.62	2.67	0.34
JAYBARMARU	EQ	62.09	2.36	672.12	0.55	0.34
MANAKCOAT	BE	86.71	4.99	643.99	0.39	0.34
PHANTOMFX	SM	210.00	1.82	285.16	0.16	0.34
MANGALAM	EQ	79.75	0.69	126.23	0.42	0.34
CHEMBOND	EQ	532.20	2.09	715.72	0.06	0.33
CCCL	BE	15.05	2.03	629.37	2.23	0.33
PARAMATRIX	SM	88.50	17.22	101.85	0.40	0.33
AMDIND	EQ	47.40	1.85	90.85	0.67	0.33
SPMLINFRA	EQ	175.80	5.00	1,249.07	0.19	0.33
DIGIDRIVE	EQ	30.30	5.76	116.84	1.09	0.33
VINYLINDIA	EQ	292.90	1.53	537.09	0.11	0.33
GEEKAYWIRE	EQ	79.79	0.31	416.98	0.41	0.33
RAJSREESUG	EQ	43.47	6.96	144.04	0.77	0.33
SIGNPOST	EQ	267.55	5.00	1,430.05	0.12	0.32
SMARTLINK	EQ	133.75	0.73	133.42	0.24	0.32
BHANDARI	EQ	5.04	6.33	120.99	6.55	0.32
ENVIRO	SM	109.50	6.67	205.75	0.30	0.32
NECCLTD	EQ	23.86	0.34	228.95	1.32	0.32
DELAPLEX	SM	152.00	6.11	138.47	0.21	0.32
DIAMINESQ	EQ	347.15	2.78	339.65	0.09	0.32
CHAMUNDA	SM	44.00	1.15	48.42	0.72	0.32
ASPINWALL	EQ	258.10	2.23	201.79	0.12	0.31
MIRCELECTR	BE	12.90	4.96	297.93	2.42	0.31
UNITEDPOLY	EQ	158.00	1.36	362.63	0.20	0.31
ABINFRA	EQ	91.41	1.48	583.92	0.33	0.31
BANKA	EQ	75.50	2.36	82.10	0.41	0.30
RMDRIP	SM	448.00	1.13	1,119.10	0.07	0.30
MAHEPC	EQ	122.00	3.08	340.80	0.25	0.30
DPSCLTD	EQ	12.80	5.18	1,246.45	2.37	0.30
OILCOUNTUB	EQ	82.61	4.99	395.20	0.37	0.30
ALMONDZ	EQ	22.33	4.98	384.71	1.36	0.30
CMNL	SM	165.00	0.09	398.22	0.18	0.30
INDTERRAIN	EQ	34.51	5.79	157.78	0.88	0.30
MRO-TEK	EQ	64.31	0.08	120.16	0.45	0.29
TPLPLASTEH	EQ	79.85	1.53	622.85	0.37	0.29
INFOBEAN	EQ	301.05	0.23	733.62	0.10	0.29
92GS2030	GS	112.67	1.00	69,725.32	0.26	0.29
ESSARSHPNG	EQ	25.05	4.99	518.48	1.18	0.29
NURECA	EQ	225.00	0.60	225.00	0.13	0.29
MEGASOFT	BE	52.06	2.00	384.05	0.55	0.29
VITAL	SM	73.65	15.08	176.40	0.41	0.29
MID150	EQ	19.75	3.29	0.85	1.47	0.28
REPL	BE	175.50	0.72	318.05	0.16	0.28
SANGINITA	EQ	11.69	13.28	30.28	2.47	0.28
SUTLEJTEX	BE	38.64	5.00	633.03	0.73	0.28
AERON	SM	140.35	3.96	238.88	0.20	0.28
JAYAGROGN	EQ	224.50	2.42	673.50	0.12	0.28
BAIDFIN	EQ	10.80	4.35	129.67	2.62	0.28
739NHAI26	N8	1,009.98	0.01	662.30	0.03	0.27
APCL	EQ	114.25	4.19	335.61	0.24	0.27
BIRLAMONEY	BE	158.00	0.89	892.85	0.17	0.27
SWARAJ	SM	174.00	1.07	343.95	0.16	0.27
UNIVASTU	BE	231.54	5.00	277.75	0.12	0.27
GSS	EQ	37.70	7.10	98.61	0.73	0.27
TUNWAL	SM	32.30	2.70	178.62	0.84	0.27
LASA	EQ	19.00	4.91	95.19	1.42	0.27
BHAGYANGR	EQ	75.15	1.02	240.44	0.35	0.26
BANKETF	EQ	519.92	0.40	228.67	0.05	0.26
MANAKSIA	EQ	62.97	1.75	412.67	0.43	0.26
HTMEDIA	EQ	17.40	1.10	404.98	1.52	0.26
KRITINUT	EQ	102.60	0.07	514.06	0.26	0.26
VASWANI	EQ	39.50	1.13	123.82	0.67	0.26
AVG	BE	261.10	1.99	388.07	0.10	0.26
ATAM	EQ	88.00	4.30	100.87	0.30	0.26
MASON	SM	93.35	4.89	164.04	0.28	0.26
DCI	EQ	271.00	4.75	384.28	0.10	0.26
NATHBIOGEN	EQ	162.40	2.04	308.62	0.16	0.26
ISFT	EQ	101.22	0.88	165.11	0.25	0.26
AKANKSHA	SM	99.80	5.00	195.41	0.26	0.26
PATINTLOG	EQ	14.59	3.48	101.53	1.77	0.26
WORTH	EQ	156.00	1.08	245.72	0.16	0.25
YASHOPTICS	SM	78.95	1.61	195.52	0.32	0.25
TTL	EQ	13.96	3.64	314.07	1.80	0.25
SGBJUL29IV	GB	8,899.99	0.12	2,602.15	0.00	0.25
COMMOIETF	EQ	85.43	0.25	71.90	0.29	0.25
GPECO	ST	275.80	2.00	322.98	0.09	0.25
PRAMARA	SM	123.95	1.31	135.99	0.20	0.25
DBSTOCKBRO	EQ	28.50	1.06	99.75	0.86	0.25
MENONBE	EQ	93.50	2.74	523.97	0.27	0.25
K2INFRA	ST	84.60	4.96	106.75	0.29	0.25
HEXATRADEX	EQ	198.00	1.14	1,093.85	0.12	0.25
INDBANK	EQ	30.17	1.79	133.89	0.81	0.25
SURYALAXMI	EQ	62.31	7.78	117.18	0.41	0.25
UYFINCORP	EQ	18.39	1.88	349.85	1.35	0.25
JEYYAM	SM	40.20	1.01	190.94	0.60	0.24
888IRFC29	NE	1,124.90	1.34	490.92	0.02	0.24
ARCHIDPLY	EQ	91.85	3.17	182.46	0.26	0.24
NDGL	EQ	4,398.40	6.02	439.84	0.01	0.24
FIBERWEB	EQ	41.40	2.00	119.20	0.58	0.24
HVAX	ST	617.00	4.93	171.33	0.04	0.24
AURUM	EQ	167.10	0.99	489.16	0.14	0.24
GROWWN200	EQ	10.42	0.48	13.72	2.29	0.24
DIGIKORE	ST	177.30	1.60	112.28	0.13	0.24
IMPAL	EQ	1,026.00	2.74	1,280.45	0.02	0.23
SHREEOSFM	SM	99.75	9.98	153.65	0.24	0.23
TEXMOPIPES	EQ	52.40	0.85	152.98	0.44	0.23
RUBFILA	EQ	66.50	1.09	360.88	0.35	0.23
NAMOEWASTE	SM	160.00	2.53	365.88	0.14	0.23
ORIENTCER	EQ	33.03	2.32	395.17	0.69	0.23
MANOMAY	EQ	170.80	0.45	308.27	0.13	0.23
MANORG	EQ	404.50	4.11	346.43	0.06	0.23
PULZ	SM	47.75	4.95	104.13	0.48	0.23
LICNETFGSC	EQ	27.77	0.22	2,418.97	0.81	0.23
KEN	ST	41.00	4.86	100.72	0.56	0.22
SPPPOLY	SM	17.50	7.03	26.93	1.26	0.22
GLOBAL	EQ	45.77	2.01	232.98	0.49	0.22
BLUEPEBBLE	ST	201.35	4.98	82.15	0.11	0.22
MAANALU	BE	88.26	5.00	477.35	0.25	0.22
STARTECK	EQ	281.00	0.43	278.48	0.08	0.22
SYSTANGO	SM	213.65	1.26	313.40	0.10	0.22
MKPL	EQ	6.90	4.39	259.01	3.25	0.22
KHADIM	EQ	306.10	2.08	562.56	0.07	0.22
STARPAPER	EQ	167.05	2.88	260.74	0.13	0.22
AMBICAAGAR	EQ	29.43	7.49	50.55	0.75	0.22
ROCKINGDCE	ST	249.75	4.98	141.33	0.09	0.22
WILLAMAGOR	EQ	32.69	7.64	35.82	0.68	0.22
CHEVIOT	EQ	1,048.00	1.28	612.23	0.02	0.22
PAR	BE	92.78	4.99	114.16	0.23	0.21
BHARATGEAR	EQ	70.82	2.44	108.74	0.30	0.21
TIMESGTY	EQ	181.20	2.65	162.96	0.12	0.21
EXXARO	EQ	6.15	0.49	275.16	3.43	0.21
PRIZOR	SM	121.80	5.00	130.22	0.18	0.21
SREEL	EQ	234.00	0.97	541.83	0.09	0.21
VOLERCAR	SM	85.05	1.61	94.78	0.24	0.21
HDFCPSUBK	EQ	64.45	2.61	25.15	0.33	0.21
REMUS	SM	2,222.95	2.03	1,309.76	0.01	0.21
MURUDCERA	EQ	33.95	0.06	205.55	0.62	0.21
DECCANTRAN	SM	44.55	2.30	101.23	0.46	0.21
SMSLIFE	EQ	1,203.75	10.00	363.93	0.02	0.21
GEECEE	EQ	397.00	1.60	830.20	0.05	0.21
AONETOTAL	EQ	10.71	0.37	16.65	1.95	0.21
NIPPOBATRY	EQ	458.00	1.32	343.50	0.04	0.21
NEPHROCARE	SM	144.15	4.99	237.65	0.14	0.21
SHREYANIND	EQ	182.00	2.67	251.62	0.11	0.20
SGBN28VIII	GB	8,960.00	0.41	1,409.82	0.00	0.20
KLL	SM	82.55	4.23	152.97	0.25	0.20
THOMASCOTT	BE	319.00	1.88	360.32	0.06	0.20
SOLARAPP	E1	272.50	4.93	326.97	0.07	0.20
JALAN	ST	11.30	4.63	16.43	1.77	0.20
VDEAL	SM	119.90	6.86	58.64	0.17	0.20
DRONE	ST	111.15	1.97	271.21	0.18	0.20
SAMPANN	EQ	27.50	3.31	111.68	0.72	0.20
SHAH	EQ	3.30	2.48	195.98	5.97	0.20
KOTARISUG	EQ	35.31	3.34	292.68	0.55	0.19
764NABAR31	N2	1,099.90	0.36	-	0.02	0.19
SGBDC27VII	GB	8,920.00	0.09	578.29	0.00	0.19
SKP	SM	240.35	3.27	398.98	0.08	0.19
WTICAB	SM	154.20	0.33	367.18	0.13	0.19
CENTEXT	EQ	18.85	6.74	150.80	1.02	0.19
SGBAUG29V	GB	8,990.00	0.43	2,061.18	0.00	0.19
UNIHEALTH	SM	143.20	0.25	220.53	0.13	0.19
SAKHTISUG	EQ	22.45	2.93	266.82	0.84	0.19
MHLXMIRU	EQ	232.99	0.04	247.44	0.08	0.19
URJA	BE	12.20	1.92	641.05	1.51	0.18
ALPHAGEO	BE	244.75	1.66	155.78	0.07	0.18
BEACON	SM	64.30	3.46	116.16	0.28	0.18
SSFL	SM	174.00	4.66	149.12	0.11	0.18
PRATHAM	ST	176.40	5.00	313.29	0.10	0.18
ASLIND	SM	44.85	4.91	46.72	0.40	0.18
AAREYDRUGS	EQ	44.59	9.99	126.43	0.40	0.18
EMAMIPAP	EQ	91.65	2.93	554.47	0.20	0.18
VLEGOV	BE	36.99	1.99	391.91	0.48	0.18
UCAL	EQ	137.80	3.47	304.73	0.13	0.18
TROM	SM	163.00	3.76	149.88	0.11	0.18
ZEAL	SM	139.00	6.92	185.01	0.13	0.18
RADIOCITY	EQ	9.66	2.22	333.93	1.82	0.18
AARTECH	BE	54.74	4.99	144.93	0.32	0.17
PSFL	SM	52.00	4.94	102.35	0.34	0.17
DURLAX	SM	48.00	0.84	79.81	0.36	0.17
BHARATSE	EQ	81.50	0.09	511.82	0.22	0.17
SOMATEX	EQ	40.00	1.01	132.13	0.43	0.17
SBIETFPB	EQ	259.30	0.04	21.34	0.07	0.17
DICIND	EQ	651.60	0.04	598.10	0.03	0.17
MAHASTEEL	BE	249.65	0.81	410.28	0.07	0.17
INDIANCARD	EQ	252.50	6.37	150.01	0.07	0.17
STEELCITY	EQ	104.99	1.35	158.61	0.16	0.17
ADROITINFO	EQ	12.08	1.17	65.44	1.42	0.17
MAGNUM	EQ	27.50	2.96	182.63	0.62	0.17
901HUDCO34	NE	1,299.00	0.93	-	0.01	0.17
RILINFRA	SM	34.25	4.58	63.72	0.49	0.17
VINSYS	SM	375.00	0.17	550.42	0.05	0.17
GLOBALVECT	EQ	255.00	0.26	357.00	0.06	0.16
GLOBE	BE	2.80	4.87	126.12	5.81	0.16
AVIANSH	SM	102.90	0.88	143.82	0.16	0.16
AHLADA	EQ	60.00	0.62	77.53	0.27	0.16
DIGISPICE	EQ	20.00	4.28	467.25	0.82	0.16
HIGREEN	SM	222.65	3.63	556.40	0.07	0.16
LOTUSEYE	EQ	69.00	1.40	143.49	0.23	0.16
DHRUV	BE	79.15	3.41	150.12	0.20	0.16
DELTIC	ST	79.65	4.94	121.78	0.20	0.16
AXISHCETF	EQ	140.88	2.18	20.49	0.11	0.16
MAGSON	SM	132.35	4.91	103.89	0.12	0.16
SHIVAMILLS	EQ	75.50	5.96	65.25	0.21	0.16
PRITI	EQ	87.00	0.83	116.17	0.18	0.15
GINNIFILA	EQ	21.75	5.07	186.29	0.71	0.15
HINDCOMPOS	EQ	435.20	0.31	642.75	0.03	0.15
901NHB34	N6	6,359.00	0.14	846.66	0.00	0.15
UTISENSETF	EQ	840.90	0.77	44,324.78	0.02	0.15
GANDHITUBE	EQ	672.00	0.73	816.61	0.02	0.15
VARDMNPOLY	EQ	9.84	4.90	428.99	1.52	0.15
SUPREMEINF	BZ	113.40	2.00	291.42	0.13	0.15
SALSTEEL	EQ	18.66	1.52	158.55	0.80	0.15
DIFFNKG	BE	279.05	1.99	1,044.38	0.05	0.15
WEALTH	BE	945.50	1.96	1,007.43	0.02	0.15
871REC28	N9	1,124.00	0.45	1,316.74	0.01	0.15
GANGESSECU	EQ	152.95	1.72	153.01	0.10	0.14
PRLIND	SM	90.95	2.65	207.93	0.16	0.14
732IRFC25	NI	1,035.39	0.28	382.01	0.01	0.14
APEXECO	ST	89.50	3.23	118.01	0.16	0.14
SUNDRMBRAK	EQ	804.85	5.00	316.67	0.02	0.14
RSSOFTWARE	BE	69.18	1.99	178.70	0.21	0.14
POSITRON	SM	318.50	0.74	242.07	0.05	0.14
KATARIA	ST	105.50	4.98	227.15	0.14	0.14
HINDCON	EQ	33.20	3.39	169.95	0.44	0.14
PIONEEREMB	EQ	38.97	3.62	120.06	0.37	0.14
810IRFC27	N2	1,087.75	0.05	3,367.07	0.01	0.14
NBIFIN	EQ	2,479.95	0.95	732.79	0.01	0.14
SHAHALLOYS	EQ	55.00	7.97	108.89	0.27	0.14
RKDL	EQ	28.60	0.53	68.64	0.49	0.14
ASAHISONG	EQ	356.20	1.24	419.86	0.04	0.14
SRM	BE	335.60	1.70	770.01	0.04	0.14
KNAGRI	SM	215.00	1.61	537.48	0.06	0.14
PASUPTAC	BE	51.79	0.99	461.62	0.27	0.14
SAHYADRI	EQ	245.80	4.58	269.06	0.06	0.14
JISLDVREQS	EQ	29.23	4.10	56.40	0.47	0.14
SOMICONVEY	EQ	178.50	0.11	210.27	0.08	0.14
S&SPOWER	EQ	397.00	4.39	489.96	0.03	0.14
RVHL	EQ	50.55	3.54	310.00	0.27	0.13
ISHANCH	EQ	40.97	0.71	85.91	0.33	0.13
TOTAL	EQ	78.00	7.90	125.79	0.18	0.13
COMPUSOFT	EQ	18.80	2.68	148.76	0.71	0.13
MACPOWER	BE	785.50	2.00	785.83	0.02	0.13
SLONE	ST	277.75	4.97	146.35	0.05	0.13
DJML	BE	128.73	4.41	418.16	0.10	0.13
RCOM	BE	1.62	4.52	448.02	8.10	0.13
AGRITECH	EQ	139.87	0.37	83.08	0.09	0.13
DIL	BE	2.11	4.46	34.34	6.23	0.13
OBCL	EQ	52.15	0.25	109.95	0.24	0.13
DCG	ST	66.45	4.98	120.60	0.19	0.13
MUKTAARTS	EQ	74.00	8.42	167.13	0.18	0.13
CANARYS	SM	29.20	4.85	164.06	0.44	0.13
DEEM	SM	61.90	12.55	51.61	0.21	0.13
MADHUSUDAN	SM	159.70	3.27	229.81	0.08	0.13
NDLVENTURE	BE	63.30	4.99	213.14	0.20	0.13
ENIL	EQ	135.90	1.65	647.84	0.09	0.13
HISARMETAL	EQ	214.39	0.31	115.77	0.06	0.13
IPHL	ST	52.25	4.92	130.57	0.24	0.13
ANMOL	EQ	15.90	0.13	90.49	0.79	0.12
PENTAGON	SM	74.95	3.02	57.79	0.17	0.12
KONSTELEC	ST	70.40	5.00	106.30	0.18	0.12
MOCAPITAL	EQ	34.52	0.12	5.44	0.36	0.12
INTENTECH	EQ	95.65	0.84	224.81	0.13	0.12
MCON	SM	138.50	4.96	101.51	0.09	0.12
HARDWYN	BE	12.30	3.10	600.77	1.02	0.12
SGBMAY25	GB	9,020.99	1.36	1,829.19	0.00	0.12
AMJLAND	EQ	49.32	3.61	202.21	0.25	0.12
RELCHEMQ	EQ	160.55	0.47	121.11	0.07	0.12
HBSL	EQ	80.50	3.52	57.46	0.15	0.12
SATKARTAR	SM	152.00	0.66	239.32	0.08	0.12
PODDARMENT	EQ	305.00	2.71	323.61	0.04	0.12
SFML	ST	31.70	4.97	78.71	0.38	0.12
RANEENGINE	EQ	292.00	0.62	211.25	0.04	0.12
PRAKASHSTL	EQ	6.72	0.75	117.60	1.78	0.12
NEELAM	SM	22.30	4.69	45.09	0.54	0.12
ARHAM	SM	92.35	6.58	156.26	0.13	0.12
MAHAPEXLTD	EQ	113.61	0.07	160.76	0.10	0.12
PPSL	SM	29.90	1.36	87.61	0.39	0.12
ZODIACLOTH	EQ	92.00	0.02	239.14	0.13	0.12
ARCHIES	EQ	18.43	8.22	62.26	0.64	0.12
WSI	BE	75.15	2.99	476.33	0.15	0.12
NRAIL	EQ	247.29	2.37	420.87	0.05	0.11
DAMODARIND	EQ	33.95	8.43	79.10	0.35	0.11
GILLANDERS	EQ	103.60	5.00	221.11	0.11	0.11
SAAKSHI	SM	148.00	7.32	261.31	0.08	0.11
769HUDCO31	N9	1,113.00	0.04	-	0.01	0.11
GOYALALUM	EQ	8.48	0.83	121.04	1.32	0.11
ANLON	SM	315.00	4.32	197.05	0.04	0.11
HDFCQUAL	EQ	54.08	1.46	17.37	0.21	0.11
830PFCL27	N5	1,089.71	0.71	-	0.01	0.11
SIGIND	EQ	53.95	3.75	158.81	0.21	0.11
USHAFIN	ST	57.20	4.95	124.34	0.19	0.11
734IRFC28	N4	1,075.36	0.41	2,751.53	0.01	0.11
LGHL	EQ	502.00	1.75	1,047.77	0.02	0.11
CORALFINAC	EQ	40.05	0.33	161.41	0.27	0.11
GOYALSALT	SM	165.00	2.96	295.35	0.07	0.11
ACCURACY	EQ	8.52	4.41	128.28	1.28	0.11
BEARDSELL	EQ	27.65	1.10	109.04	0.39	0.11
INSPIRISYS	EQ	79.00	6.15	312.97	0.14	0.11
751HUDCO28	N5	1,055.00	0.19	1,344.32	0.01	0.11
PEARLPOLY	EQ	27.70	1.95	46.63	0.39	0.11
726GS2033	GS	105.10	1.15	1,66,058.00	0.10	0.11
BSHSL	EQ	124.14	0.28	1,302.69	0.08	0.10
TAINWALCHM	EQ	220.99	0.29	206.93	0.05	0.10
AAKASH	EQ	8.10	1.38	82.01	1.30	0.10
RELIABLE	EQ	74.30	2.27	76.68	0.14	0.10
SANDESH	EQ	1,129.90	1.18	855.27	0.01	0.10
SIGMA	EQ	253.90	0.43	260.95	0.04	0.10
MONOPHARMA	SM	23.05	0.22	40.73	0.44	0.10
935TSI31	N0	1,03,202.00	0.05	1,289.42	0.00	0.10
SUKHJITS	EQ	198.00	0.69	618.63	0.05	0.10
ZENITHSTL	EQ	7.28	1.96	103.58	1.43	0.10
PRESSTONIC	SM	118.30	3.45	91.18	0.09	0.10
TRU	BE	8.23	4.97	96.21	1.24	0.10
699GS2051	GS	103.45	1.35	1,51,580.11	0.10	0.10
SDREAMS	ST	103.45	4.97	193.68	0.10	0.10
UMANGDAIRY	EQ	77.00	3.26	169.42	0.13	0.10
SGBOC28VII	GB	8,937.00	0.18	1,661.85	0.00	0.10
PREMIUM	SM	32.90	5.45	62.83	0.30	0.10
CHETANA	SM	89.50	1.53	182.58	0.11	0.10
IIFLZC28A	NU	1,189.85	5.76	45.04	0.01	0.10
SWELECTES	BE	555.60	1.99	842.22	0.02	0.10
LAMOSAIC	ST	40.05	1.91	41.40	0.25	0.10
NARMADA	BE	17.71	4.98	67.19	0.58	0.10
PALASHSECU	EQ	126.50	1.22	126.54	0.08	0.10
KHAITANLTD	EQ	88.30	1.93	41.94	0.11	0.10
NAGREEKEXP	EQ	26.61	5.01	83.15	0.36	0.10
AHLEAST	EQ	141.54	1.18	244.75	0.07	0.10
729IRFC26	NN	1,054.00	0.86	201.01	0.01	0.09
TREEHOUSE	EQ	10.23	4.92	43.28	0.94	0.09
SIL	EQ	20.09	1.67	129.24	0.47	0.09
MULTICAP	EQ	14.73	0.14	44.32	0.63	0.09
99AEL29	N7	1,063.00	0.76	136.97	0.01	0.09
READYMIX	ST	77.15	4.97	84.54	0.12	0.09
96IIFL28	N5	949.00	0.17	363.30	0.01	0.09
TRUST	ST	84.50	4.97	201.32	0.11	0.09
AMNPLST	EQ	220.60	1.19	1,213.74	0.04	0.09
MAL	SM	32.20	11.42	79.49	0.29	0.09
SICALLOG	BE	94.70	4.98	617.91	0.09	0.09
ALKALI	EQ	85.50	2.02	87.06	0.11	0.09
SHRITECH	SM	73.60	3.66	183.63	0.12	0.09
VR	SM	250.80	20.00	222.71	0.04	0.09
AKSHOPTFBR	EQ	9.09	4.97	147.89	0.97	0.09
ASIANHOTNR	BE	369.70	0.79	719.19	0.02	0.09
82HUDCO27	N2	1,052.99	0.32	2,651.67	0.01	0.09
9IIFL28A	NT	953.00	0.32	113.34	0.01	0.09
891IIFCL34	N4	1,240.00	0.33	-	0.01	0.09
TBI	ST	89.45	4.99	162.43	0.10	0.09
SGBJAN27	GB	8,925.00	0.28	217.42	0.00	0.08
IFBAGRO	EQ	505.00	2.41	473.04	0.02	0.08
CELEBRITY	EQ	11.47	3.99	64.87	0.72	0.08
CONSUMIETF	EQ	111.47	0.31	57.83	0.07	0.08
PPAP	EQ	173.72	0.37	244.71	0.05	0.08
UMA	SM	29.00	3.57	58.80	0.28	0.08
BBTCL	EQ	141.50	3.19	290.23	0.06	0.08
LOKESHMACH	BE	165.40	1.47	317.13	0.05	0.08
SPCL	ST	120.25	1.99	289.99	0.07	0.08
RAMANEWS	BE	34.80	1.99	513.38	0.22	0.08
BSL	BE	171.72	2.78	176.74	0.05	0.08
DANGEE	BE	4.77	0.63	51.41	1.66	0.08
JAINAM	SM	258.50	4.57	273.01	0.03	0.08
PVTBANKADD	EQ	25.94	0.74	373.96	0.30	0.08
UHTL	SM	64.00	3.31	121.63	0.12	0.08
SHEMAROO	BE	101.00	3.17	275.94	0.08	0.08
KEL	SM	105.00	0.19	107.86	0.07	0.08
LAXMICOT	EQ	25.54	1.39	43.80	0.30	0.08
MARCO	SM	44.85	10.88	83.87	0.18	0.08
EFORCE	SM	33.15	3.59	77.57	0.23	0.08
CINELINE	EQ	94.09	5.00	322.41	0.08	0.08
CRAYONS	ST	53.80	4.98	131.43	0.14	0.07
TICL	EQ	32.55	0.53	504.52	0.23	0.07
GVKPIL	BE	3.28	1.86	517.98	2.29	0.07
CINEVISTA	EQ	14.99	3.31	86.10	0.49	0.07
ODIGMA	BE	43.79	4.99	136.88	0.17	0.07
RADIOWALLA	SM	80.00	10.73	56.39	0.10	0.07
SGBJAN26	GB	9,050.00	0.06	296.33	0.00	0.07
KSHITIJPOL	BE	3.24	4.85	28.84	2.30	0.07
OSWALSEEDS	EQ	12.55	4.93	114.79	0.59	0.07
ENERGYDEV	EQ	18.65	4.95	88.59	0.39	0.07
SONAMAC	SM	90.80	4.37	124.61	0.08	0.07
ORIENTLTD	BE	87.73	2.14	87.73	0.08	0.07
AROGRANITE	EQ	36.08	2.56	55.20	0.20	0.07
BALCO	SM	35.90	19.87	15.68	0.20	0.07
ABSLNN50ET	EQ	65.72	0.06	128.91	0.11	0.07
VISASTEEL	BE	34.62	4.94	400.86	0.20	0.07
PSUBANKADD	EQ	64.17	1.62	63.93	0.11	0.07
VAL30IETF	EQ	12.59	0.80	9.98	0.54	0.07
SURANAT&P	EQ	19.24	1.00	261.20	0.35	0.07
SGBJ28VIII	GB	8,898.54	0.49	464.61	0.00	0.07
MVKAGRO	ST	51.20	2.40	79.31	0.13	0.07
IEL	BE	17.43	5.00	345.70	0.38	0.07
SADBHIN	EQ	4.93	2.71	173.65	1.37	0.07
AUROIMPEX	SM	52.00	2.97	63.44	0.13	0.07
MNC	EQ	26.77	0.34	31.34	0.25	0.07
MIEL	ST	21.70	4.83	38.18	0.30	0.06
PTL	EQ	39.10	1.19	517.59	0.17	0.06
1018GS2026	GS	106.00	0.94	15,900.00	0.06	0.06
NILASPACES	BE	11.75	2.00	462.82	0.55	0.06
MFML	BE	31.49	3.59	33.44	0.20	0.06
BVCL	EQ	38.72	1.12	85.80	0.16	0.06
EMKAY	BE	210.17	2.00	533.14	0.03	0.06
CCHHL	EQ	17.35	0.81	283.61	0.35	0.06
SUNDARAM	EQ	2.04	0.99	96.67	2.98	0.06
AFSL	BE	181.00	1.06	915.43	0.03	0.06
MADHAVBAUG	SM	107.35	9.99	112.86	0.06	0.06
AGROPHOS	EQ	30.78	4.52	62.40	0.19	0.06
21STCENMGM	EQ	70.38	2.00	73.90	0.08	0.06
VERTOZ	BE	8.29	1.97	706.56	0.71	0.06
872MMFSL26	N1	1,018.99	0.29	-	0.01	0.06
PENINLAND	BE	24.03	1.99	778.57	0.24	0.06
MIDQ50ADD	EQ	229.00	2.02	93.47	0.03	0.06
OMAXAUTO	EQ	88.80	0.73	189.78	0.07	0.06
SIMBHALS	BE	13.98	3.33	57.71	0.42	0.06
ASHALOG	SM	71.70	2.43	97.20	0.08	0.06
865IFL28	NZ	935.10	0.55	83.14	0.01	0.06
SHIGAN	ST	75.40	4.94	143.73	0.08	0.06
ABSLBANETF	EQ	52.39	0.71	2,416.78	0.11	0.06
EMKAYTOOLS	SM	414.00	5.69	441.79	0.01	0.06
BEDMUTHA	EQ	163.00	1.68	525.90	0.03	0.06
BIL	BE	475.10	2.00	580.07	0.01	0.06
RHL	EQ	232.05	1.91	401.25	0.02	0.06
SHANTI	EQ	14.89	0.81	16.54	0.38	0.05
SBGLP	BE	36.90	1.99	639.91	0.15	0.05
RULKA	ST	152.80	4.98	65.07	0.04	0.05
SAIFL	ST	52.60	4.99	62.65	0.10	0.05
SGBNOV26	GB	8,999.99	0.56	368.48	0.00	0.05
ARSHIYA	BZ	2.65	4.74	69.82	2.05	0.05
JHS	BE	12.92	4.96	110.60	0.41	0.05
SGBAUG27	GB	9,000.00	0.87	922.35	0.00	0.05
SUPREME	EQ	91.00	2.74	351.69	0.06	0.05
AKSHAR	BE	0.56	3.70	44.10	9.46	0.05
DENEERS	SM	289.85	2.75	249.46	0.02	0.05
UNIENTER	EQ	159.87	1.25	1,111.83	0.03	0.05
ELECTHERM	BE	893.70	2.00	1,138.83	0.01	0.05
BBNPPGOLD	EQ	89.35	0.62	88.27	0.06	0.05
MALUPAPER	EQ	35.70	3.21	60.90	0.14	0.05
886REC34	NG	1,269.99	0.79	107.99	0.00	0.05
903SFL28	YI	1,025.00	0.35	51.17	0.00	0.05
HRHNEXT	ST	54.00	0.84	71.30	0.09	0.05
EUROBOND	SM	163.00	0.62	399.35	0.03	0.05
BLUECHIP	BE	7.32	0.83	40.48	0.67	0.05
MADHAV	EQ	41.30	0.68	36.95	0.12	0.05
699GS2026	GS	103.51	0.01	57,965.60	0.05	0.05
ALUWIND	SM	53.40	2.69	132.69	0.09	0.05
846REC28	N6	1,111.10	0.63	1,820.85	0.00	0.05
SHEKHAWATI	BE	23.47	2.40	80.90	0.21	0.05
FMNL	BE	16.24	4.98	98.49	0.29	0.05
FORGEAUTO	SM	80.00	5.82	87.36	0.06	0.05
JMA	EQ	80.85	2.24	184.67	0.06	0.05
AGARWALFT	ST	50.90	1.90	36.87	0.09	0.05
GREENCHEF	SM	64.50	4.03	150.10	0.07	0.05
BANKPSU	EQ	64.28	2.32	39.38	0.07	0.04
TERASOFT	BE	196.28	2.00	245.58	0.02	0.04
GATECHDVR	EQ	0.88	1.15	10.40	5.09	0.04
KREBSBIO	EQ	74.30	4.57	160.20	0.06	0.04
UEL	BE	422.60	4.99	5,562.54	0.01	0.04
HEADSUP	BE	11.26	4.84	24.87	0.39	0.04
COUNCODOS	EQ	6.29	0.96	48.81	0.69	0.04
GANGAFORGE	EQ	4.94	4.88	66.59	0.86	0.04
KRITIKA	BE	8.56	1.90	227.94	0.50	0.04
AILIMITED	SM	57.40	4.36	34.56	0.08	0.04
GOENKA	BZ	0.97	2.11	30.75	4.40	0.04
AARVI	EQ	104.00	0.35	154.03	0.04	0.04
692GS2039	GS	105.00	2.94	77,700.00	0.04	0.04
BESTAGRO	BE	273.75	1.99	647.27	0.02	0.04
INNOMET	SM	120.00	8.11	155.28	0.04	0.04
DELPHIFX	BE	122.50	3.07	136.32	0.03	0.04
AIROLAM	EQ	98.10	2.83	147.17	0.04	0.04
MODIRUBBER	EQ	104.36	0.91	261.32	0.04	0.04
LIBAS	EQ	12.08	0.42	31.82	0.33	0.04
DIGJAMLMTD	BE	40.40	4.96	80.80	0.10	0.04
LICNETFSEN	EQ	856.14	0.10	764.03	0.00	0.04
SELMC	EQ	29.70	4.98	98.41	0.13	0.04
PNC	BE	28.70	3.24	41.52	0.14	0.04
MWL	SM	162.00	0.31	396.91	0.02	0.04
SGBJUN27	GB	8,920.00	1.08	410.13	0.00	0.04
KALANA	SM	48.20	1.05	62.85	0.08	0.04
PASHUPATI	SM	629.10	0.78	992.97	0.01	0.04
HEALTHADD	EQ	138.84	1.59	9.87	0.03	0.04
SBIETFCON	EQ	110.90	0.02	23.32	0.03	0.04
BOSS	SM	50.50	17.58	22.45	0.08	0.04
INDOUS	BE	155.00	1.83	310.81	0.02	0.04
EBANKNIFTY	EQ	51.39	0.94	9.82	0.07	0.04
GODHA	BE	0.72	1.41	67.41	5.10	0.04
AGNI	ST	21.05	4.99	41.12	0.18	0.04
SGL	EQ	12.51	7.20	33.77	0.30	0.04
DELTAMAGNT	BE	62.47	4.53	67.79	0.06	0.04
NORBTEAEXP	BE	41.89	4.99	49.22	0.09	0.04
ASHOKAMET	EQ	18.00	2.51	44.99	0.20	0.04
SGBFEB27	GB	8,900.00	1.37	184.58	0.00	0.04
ABHAPOWER	ST	31.65	4.98	58.83	0.11	0.04
ARVINDPORT	ST	59.00	1.99	100.69	0.06	0.04
MOHITIND	BE	27.92	1.97	39.53	0.13	0.04
VIPULLTD	BE	10.82	1.98	152.52	0.32	0.03
97SFL29	YZ	1,070.00	0.85	36.54	0.00	0.03
741GS2036	GS	108.34	0.55	1,62,510.00	0.03	0.03
VIVIDHA	EQ	0.93	1.09	27.22	3.67	0.03
STEL	BE	411.80	0.82	759.99	0.01	0.03
KARMAENG	EQ	54.28	2.45	62.80	0.06	0.03
BIKEWO	ST	16.60	4.73	21.65	0.20	0.03
GSTL	ST	15.90	4.95	25.34	0.20	0.03
AISL	SM	108.40	4.99	112.22	0.03	0.03
JOCIL	EQ	145.47	0.64	129.19	0.02	0.03
JFLLIFE	ST	17.40	4.82	57.41	0.18	0.03
SAKUMA	BE	2.47	1.65	387.23	1.26	0.03
CALSOFT	BE	11.14	0.81	17.22	0.28	0.03
PHOGLOBAL	ST	22.10	4.99	42.75	0.14	0.03
SITINET	BZ	0.49	2.08	42.73	6.41	0.03
ROLLT	BE	1.42	4.41	35.52	2.20	0.03
TPHQ	BE	1.27	4.96	139.22	2.39	0.03
105IIFL29	N7	1,002.90	0.49	15.49	0.00	0.03
ITALIANE	SM	37.00	0.54	54.68	0.08	0.03
667GS2050	GS	99.60	1.93	1,50,946.91	0.03	0.03
SGBOCT25IV	GB	9,000.00	0.56	341.09	0.00	0.03
SEYAIND	BE	14.88	4.94	39.54	0.20	0.03
SVLL	EQ	441.00	1.61	506.87	0.01	0.03
HINDNATGLS	BE	17.34	2.54	155.29	0.17	0.03
BAGFILMS	EQ	6.18	4.92	122.21	0.47	0.03
MADHUCON	EQ	6.25	1.13	46.12	0.46	0.03
XTGLOBAL	EQ	35.50	0.06	474.15	0.08	0.03
710GS2029	GS	105.50	0.19	1,59,305.00	0.03	0.03
SINTERCOM	EQ	128.79	0.59	354.53	0.02	0.03
BINANIIND	EQ	10.85	1.21	34.03	0.25	0.03
YUDIZ	ST	34.70	4.99	35.81	0.08	0.03
GSEC10YEAR	EQ	28.50	0.07	90.24	0.09	0.03
DOLLEX	SM	34.80	4.98	86.89	0.08	0.03
KRIDHANINF	EQ	3.61	4.94	34.22	0.74	0.03
MYMUDRA	ST	54.70	1.96	62.31	0.05	0.03
SHYAMCENT	BE	7.79	4.99	165.28	0.33	0.03
SUPREMEENG	BE	1.80	1.69	44.99	1.43	0.03
JETFREIGHT	EQ	12.13	0.83	56.29	0.21	0.03
PALREDTEC	BE	45.41	4.99	55.55	0.06	0.03
3PLAND	EQ	40.67	4.74	73.21	0.06	0.03
M&MFIN	N3	2,140.00	0.47	-	0.00	0.03
UNILEX	SM	52.50	1.94	71.49	0.05	0.02
GROBTEA	EQ	930.00	3.91	108.10	0.00	0.02
RVTH	BE	965.00	1.43	295.96	0.00	0.02
EFACTOR	SM	155.00	4.38	202.87	0.02	0.02
GKWLIMITED	BE	1,743.15	2.00	1,040.05	0.00	0.02
VCL	EQ	0.74	2.78	13.60	3.28	0.02
CEREBRAINT	BZ	4.64	4.98	51.96	0.52	0.02
AXISVALUE	EQ	27.07	0.26	9.66	0.09	0.02
GVPTECH	EQ	10.33	3.30	168.24	0.23	0.02
ABCOTS	SM	464.90	2.74	478.48	0.01	0.02
SGBOCT27VI	GB	8,901.00	0.24	617.03	0.00	0.02
DOLPHIN	BE	306.60	2.00	1,226.54	0.01	0.02
RAJRILTD	BE	21.48	1.99	1,194.47	0.11	0.02
SECURKLOUD	EQ	19.87	4.97	66.39	0.11	0.02
MARSHALL	BE	11.24	4.95	26.86	0.20	0.02
RCDL	SM	18.50	5.71	44.24	0.12	0.02
96IIFL28A	NF	948.00	0.29	310.97	0.00	0.02
SRIVASAVI	SM	72.20	3.88	102.34	0.03	0.02
DBOL	BE	69.03	1.99	458.27	0.03	0.02
RADAAN	BE	4.02	4.96	21.77	0.54	0.02
IL&FSTRANS	BZ	3.34	4.70	109.87	0.65	0.02
UMESLTD	EQ	5.78	4.90	15.27	0.38	0.02
ROML	EQ	44.03	0.99	66.00	0.05	0.02
UTISXN50	EQ	83.77	0.67	24.84	0.03	0.02
BULKCORP	ST	58.50	4.65	43.96	0.04	0.02
879NHPC28	N5	1,095.10	0.07	93.75	0.00	0.02
RBMINFRA	ST	348.75	1.99	352.34	0.01	0.02
1015ECL29	NR	996.70	0.57	110.73	0.00	0.02
ANTGRAPHIC	EQ	1.03	0.98	15.97	2.01	0.02
IBLFL	SM	51.10	0.10	126.37	0.04	0.02
NAMAN	ST	62.90	4.92	82.19	0.03	0.02
DGCONTENT	BE	39.27	2.00	228.50	0.05	0.02
SABAR	ST	7.95	4.61	13.71	0.25	0.02
SGBMAY26	GB	8,961.50	0.07	582.80	0.00	0.02
HAVISHA	EQ	2.25	6.13	34.55	0.88	0.02
LPDC	EQ	7.81	3.72	104.77	0.25	0.02
AKASH	EQ	26.11	2.27	44.03	0.07	0.02
AXISCETF	EQ	110.94	0.08	13.36	0.02	0.02
KEEPLEARN	EQ	3.05	4.81	47.49	0.62	0.02
SURANI	ST	116.40	4.96	149.42	0.02	0.02
960CAGL25	N3	1,001.00	12.35	212.71	0.00	0.02
SHUBHLAXMI	SM	18.20	2.25	16.02	0.10	0.02
GOLDENTOBC	BZ	35.20	0.92	61.98	0.05	0.02
SBIBPB	EQ	37.15	2.00	6.78	0.05	0.02
935LTF29	N5	1,070.00	0.99	118.68	0.00	0.02
NOIDATOLL	BE	3.02	4.86	56.23	0.56	0.02
MANDEEP	ST	20.75	4.80	21.45	0.08	0.02
664GS2027	GS	102.50	0.20	21,525.00	0.02	0.02
890NHB34	N7	6,060.00	0.61	58.60	0.00	0.02
SUPERSPIN	EQ	11.21	1.45	61.66	0.14	0.02
MOLOWVOL	EQ	35.04	0.26	78.36	0.05	0.02
CTE	BE	39.54	4.99	77.62	0.04	0.02
CREATIVEYE	EQ	6.34	4.97	12.72	0.26	0.02
HDIL	BZ	2.94	5.00	139.36	0.54	0.02
KAMOPAINTS	BE	9.64	1.90	303.04	0.16	0.02
RICHA	SM	78.75	5.00	19.14	0.02	0.02
SRPL	BZ	1.10	4.76	47.12	1.50	0.02
ROSSTECH	BE	287.15	1.99	1,082.45	0.01	0.02
VINNY	BE	1.26	1.61	58.62	1.22	0.02
GAYAHWS	BE	1.36	1.49	32.59	1.12	0.02
ISHAN	SM	1.05	5.00	22.70	1.44	0.02
698GR2054	GS	98.90	0.41	9,890.00	0.02	0.02
KHFM	SM	95.70	4.08	199.81	0.02	0.01
COMPINFO	BZ	1.42	4.41	12.18	1.04	0.01
GUJRAFFIA	BE	39.80	0.66	21.51	0.04	0.01
DNAMEDIA	EQ	5.03	1.21	59.21	0.29	0.01
WEWIN	BE	41.92	4.98	42.59	0.03	0.01
VIJIFIN	EQ	2.38	3.93	33.92	0.59	0.01
RITEZONE	ST	21.80	4.81	9.22	0.06	0.01
AATMAJ	SM	17.00	2.10	38.42	0.08	0.01
ORTINGLOBE	EQ	11.10	4.91	9.03	0.12	0.01
SIGNORIA	ST	66.15	5.00	31.47	0.02	0.01
LEXUS	EQ	33.00	0.33	66.63	0.04	0.01
AKI	BE	8.27	1.85	73.22	0.16	0.01
YCCL	SM	14.40	5.88	27.80	0.09	0.01
QVCEL	ST	25.75	4.89	26.91	0.05	0.01
CYBERMEDIA	BE	14.18	4.96	22.22	0.09	0.01
TAPIFRUIT	SM	82.65	4.95	35.32	0.02	0.01
DUGLOBAL	SM	49.00	1.03	341.90	0.03	0.01
1015UCL26	N1	1,005.00	0.50	97.01	0.00	0.01
AXSENSEX	EQ	78.02	0.33	123.74	0.02	0.01
BRACEPORT	ST	74.85	1.98	84.59	0.02	0.01
SATIPOLY	ST	79.35	4.96	39.25	0.02	0.01
VHLTD	BE	115.40	3.04	1,239.03	0.01	0.01
SADBHAV	BE	11.17	1.92	191.64	0.10	0.01
SECL	ST	9.10	4.60	93.68	0.13	0.01
AXISBNKETF	EQ	526.79	0.26	334.95	0.00	0.01
NIFMID150	EQ	193.64	0.19	8.94	0.01	0.01
SYNOPTICS	SM	93.90	5.51	79.63	0.01	0.01
SAMBHAAV	BE	5.50	1.85	105.11	0.20	0.01
FALCONTECH	ST	32.10	2.23	17.20	0.04	0.01
734GS2064	GS	108.50	0.06	2,59,315.00	0.01	0.01
735NHAI31	N9	1,100.00	2.25	6,580.83	0.00	0.01
SGBSEP27	GB	8,900.00	0.28	558.82	0.00	0.01
73GS2053	GS	107.20	0.76	2,09,040.00	0.01	0.01
ONELIFECAP	BE	10.43	4.93	13.93	0.10	0.01
SPRL	SM	130.95	4.80	23.43	0.01	0.01
84TCHF28	NA	1,045.00	0.97	94.65	0.00	0.01
LICNFNHGP	EQ	260.36	0.38	699.73	0.00	0.01
736NTPC25D	NB	1,038.00	0.51	68.47	0.00	0.01
PRANIK	SM	64.10	0.39	70.58	0.02	0.01
GOLDSTAR	SM	9.10	3.41	219.04	0.11	0.01
CONTI	SM	30.10	3.79	33.12	0.03	0.01
VISHWAS	SM	62.60	2.45	62.60	0.02	0.01
FONEBOX	SM	100.00	0.25	102.60	0.01	0.01
182D100425	TB	99.70	0.51	5,982.00	0.01	0.01
364D230525	TB	99.19	0.56	4,085.28	0.01	0.01
843IHFL29	NC	942.25	0.11	50.63	0.00	0.01
QUADPRO	SM	3.90	4.00	19.71	0.24	0.01
PERFECT	ST	10.40	4.52	18.20	0.09	0.01
WALPAR	SM	46.40	4.74	43.57	0.02	0.01
RETAIL	EQ	38.70	9.60	25.17	0.02	0.01
ARTNIRMAN	EQ	45.00	1.65	112.30	0.02	0.01
TNTELE	EQ	8.93	1.94	40.78	0.10	0.01
MHHL	ST	59.00	2.16	107.59	0.02	0.01
SALONA	EQ	246.00	1.89	129.46	0.00	0.01
MOXSH	SM	26.75	4.90	23.98	0.03	0.01
EQUAL200	EQ	11.99	0.42	14.29	0.07	0.01
TIMESCAN	SM	42.00	5.00	29.35	0.02	0.01
ASTRON	BE	12.06	4.96	56.08	0.07	0.01
MAKS	ST	27.65	2.60	19.17	0.03	0.01
EXCELLENT	SM	49.20	0.82	21.99	0.02	0.01
INDIFRA	ST	13.25	4.74	9.66	0.06	0.01
TAKE	BZ	7.73	4.88	114.35	0.10	0.01
NIDAN	SM	18.50	2.78	25.72	0.04	0.01
364D120326	TB	93.50	0.27	7,828.67	0.01	0.01
GOLD360	EQ	90.80	1.97	14.33	0.01	0.01
QUICKTOUCH	ST	46.50	4.97	50.29	0.02	0.01
MARINETRAN	SM	17.25	9.87	21.95	0.04	0.01
AUSOMENT	EQ	83.35	0.18	113.55	0.01	0.01
ABGSEC	EQ	108.05	0.66	44.89	0.01	0.01
BBNPNBETF	EQ	51.34	0.39	4.81	0.01	0.01
REFRACTORY	ST	65.30	1.95	142.35	0.01	0.01
ZENITHEXPO	EQ	220.84	3.66	119.17	0.00	0.01
985ECL28	NK	999.98	0.50	272.12	0.00	0.01
UNIINFO	BE	15.56	4.99	16.64	0.04	0.01
764HUDCO31	N8	1,104.00	0.36	-	0.00	0.01
ALPSINDUS	BE	2.40	4.80	9.39	0.26	0.01
NAGREEKCAP	EQ	27.24	4.85	34.36	0.02	0.01
FLFL	BZ	1.39	2.96	28.05	0.41	0.01
SHYAMTEL	BE	12.80	3.14	14.43	0.04	0.01
893NHB29	N6	5,575.95	0.02	370.92	0.00	0.01
SCL25B	BI	1,108.43	0.61	5.45	0.00	0.01
970CAGL28	ND	1,014.50	0.45	256.90	0.00	0.01
AUSL	ST	27.30	5.00	67.80	0.02	0.01
FSC	BZ	1.75	3.55	7.68	0.30	0.01
TIJARIA	BE	5.93	4.96	16.98	0.09	0.01
MPTODAY	SM	26.40	4.76	12.06	0.02	0.01
SWASTIK	SM	43.50	1.87	101.06	0.01	0.01
865TCAPS27	N8	1,066.66	0.82	640.42	0.00	0.01
SVPGLOB	BE	2.98	1.71	37.70	0.17	0.01
ABMINTLLTD	EQ	48.46	4.98	45.59	0.01	0.00
622GS2035	GS	93.97	0.12	96,202.10	0.01	0.00
GLOBALE	BE	18.58	2.94	19.73	0.02	0.00
KONTOR	SM	72.25	4.86	44.65	0.01	0.00
CMMIPL	SZ	1.75	2.94	2.74	0.24	0.00
CAGL25A	N4	1,226.20	0.51	16.42	0.00	0.00
971SCL29A	ZN	960.00	0.52	15.19	0.00	0.00
SELECTIPO	EQ	42.54	0.45	14.82	0.01	0.00
1025SCL34Z	N1	990.00	2.06	10.86	0.00	0.00
ROLTA	BZ	2.31	5.00	38.32	0.17	0.00
ITTL	ST	39.05	1.96	39.05	0.01	0.00
737GS2028	GS	105.10	0.57	78,825.00	0.00	0.00
MTEDUCARE	BE	2.36	4.89	17.05	0.15	0.00
1075UCL25	N9	1,000.10	0.65	66.46	0.00	0.00
865LTF26	NN	1,028.66	0.06	409.60	0.00	0.00
SURAJLTD	EQ	389.10	0.93	714.55	0.00	0.00
TECILCHEM	EQ	23.06	9.19	43.73	0.01	0.00
SUULD	BZ	2.50	4.60	16.84	0.13	0.00
OMKARCHEM	BZ	5.78	0.17	11.89	0.06	0.00
945IFSL25	N4	1,004.50	0.06	174.61	0.00	0.00
IMC1	N0	247.00	0.40	60.27	0.00	0.00
182D070825	TB	97.30	0.05	8,465.10	0.00	0.00
GTECJAINX	EQ	32.20	0.12	32.81	0.01	0.00
TVVISION	BE	5.01	4.81	19.41	0.06	0.00
SEMAC	BE	331.10	4.99	103.21	0.00	0.00
CALSOFTPP	X1	3.64	3.12	16.88	0.07	0.00
UNIONGOLD	EQ	90.45	0.56	137.11	0.00	0.00
1003ISFL28	N4	985.00	0.51	79.18	0.00	0.00
MORARJEE	BZ	5.35	4.90	19.44	0.04	0.00
91D190625	TB	98.50	0.09	13,790.00	0.00	0.00
880IREDA34	N6	1,242.00	0.60	179.05	0.00	0.00
MODTHREAD	EQ	36.32	1.65	126.30	0.01	0.00
829PFL29	N6	1,200.00	1.69	3.21	0.00	0.00
1030SFIL28	NM	688.00	14.67	5.03	0.00	0.00
SANWARIA	BZ	0.36	2.86	26.50	0.49	0.00
EUROTEXIND	EQ	14.29	4.69	12.50	0.01	0.00
NEXTMEDIA	EQ	6.74	4.98	45.09	0.02	0.00
TFL	BE	13.85	0.36	74.34	0.01	0.00
83GS2042	GS	112.00	0.31	1,17,072.97	0.00	0.00
364D020525	TB	99.40	0.10	11,143.69	0.00	0.00
925SCFL27	YA	990.65	0.61	10.14	0.00	0.00
182D030725	TB	98.30	0.16	7,864.00	0.00	0.00
182D240725	TB	97.94	0.50	8,773.86	0.00	0.00
FELDVR	BZ	3.50	4.48	13.78	0.03	0.00
SGBOCT26	GB	9,050.00	0.56	282.87	0.00	0.00
GLFL	BE	5.36	4.89	14.54	0.02	0.00
PREMIER	BE	3.00	3.45	9.11	0.03	0.00
LAKPRE	BZ	4.54	4.85	4.97	0.01	0.00
TCHF30	NB	1,048.00	0.29	81.79	0.00	0.00
WINSOME	BZ	1.72	1.78	12.16	0.02	0.00
990SCL27	YT	959.40	0.57	15.02	0.00	0.00
ATLANTAA	BE	28.47	1.97	232.03	0.00	0.00
883GS2041	GS	117.01	0.01	1,05,309.00	0.00	0.00
866NTPC33	N3	1,400.00	12.90	436.84	0.00	0.00
824GS2033	GS	110.25	0.04	96,220.69	0.00	0.00
SCLZC25	YN	1,285.75	0.53	8.24	0.00	0.00
935PEL33	N3	1,099.00	5.67	61.43	0.00	0.00
CURAA	BE	34.59	4.98	1.18	0.00	0.00
SETUINFRA	BZ	0.52	4.00	6.54	0.01	0.00
ANSALAPI	BZ	3.81	1.87	59.97	0.00	0.00
563GS2026	GS	101.99	0.25	1,63,697.15	0.00	0.00
NGILPP1	E1	18.95	0.05	9.30	0.00	0.00
SABEVENTS	BE	4.52	4.87	4.74	0.00	0.00